0.000	1	0	0	40	40	0.0000	40	0.28	0.51	0.51	0.32	60.4688	56.884	1	0	0	1	1	0	12345678---C	0	2	50	50	0	0	14:50:00	09.10.2014	1	1	1	1	0	0	0	1656010	Мулянка	-1	 	0	0		15	4581	777	100	400	6000	0	1100	1	40	0	0	0	0
0.000	2	0	0	40	40	0.0000	40	0.28	0.51	0.51	0.32	60.4689	56.885	1	0	0	1	1	0	12345678---C	0	2	50	50	0	0	14:50:00	09.10.2014	2	1	1	2	0	0	0	1656010	Мулянка	-1	 	0	0		15	4581	777	100	400	6000	0	1100	1	40	0	0	0	0
0.000	3	0	0	40	40	0.0000	40	0.28	0.51	0.51	0.32	60.4690	56.886	1	0	0	1	1	0	12345678---C	0	2	50	50	0	0	14:50:01	09.10.2014	3	1	1	3	0	0	0	1656010	Мулянка	-1	 	0	0		15	4581	777	100	400	6000	0	1100	1	40	0	0	0	0
0.000	4	0	0	40	40	0.0000	40	0.28	0.51	0.51	0.32	60.4691	56.887	1	0	0	1	1	0	12345678---C	0	2	50	50	0	0	14:50:01	09.10.2014	4	1	1	4	0	0	0	1656010	Мулянка	-1	 	0	0		15	4581	777	100	400	6000	0	1100	1	40	0	0	0	0
0.000	5	0	0	40	40	0.0000	40	0.28	0.51	0.51	0.32	60.4692	56.888	1	0	0	1	1	0	12345678---C	0	2	50	50	0	0	14:50:02	09.10.2014	5	1	1	5	0	0	0	1656010	Мулянка	-1	 	0	0		2	4581	777	100	400	6000	0	1100	1	40	0	0	0	0
0.000	6	0	0	40	40	0.0000	40	0.28	0.51	0.51	0.32	60.4693	56.889	1	0	0	1	1	0	12345678---C	0	2	50	50	0	0	14:50:02	09.10.2014	6	1	1	6	0	0	0	1656010	Мулянка	-1	 	0	0		2	4581	777	100	400	6000	0	1100	1	40	0	0	0	0
0.000	7	0	0	40	0	0.0000	40	0.28	0.51	0.51	0.32	60.4694	56.890	1	0	0	1	1	0	12345678---C	0	2	50	50	0	0	14:50:03	09.10.2014	7	1	1	7	0	0	0	1656010	Мулянка	1	Ч	120	0		2	4581	777	100	400	6000	0	1100	1	40	0	0	0	0
0.000	8	0	0	40	0	0.0000	40	0.28	0.51	0.51	0.32	60.4695	56.891	1	0	0	1	1	0	12345678---C	0	2	50	50	0	0	14:50:03	09.10.2014	8	1	1	8	0	0	0	1656010	Мулянка	1	Ч	120	0		2	4581	777	100	400	6000	0	1100	1	40	0	0	0	0
0.000	9	0	0	40	0	0.0000	40	0.28	0.51	0.51	0.32	60.4696	56.892	1	0	0	1	1	0	12345678---C	0	2	50	50	0	0	14:50:04	09.10.2014	9	1	1	9	0	0	0	1656010	Мулянка	1	Ч	120	0		2	4581	777	100	400	6000	0	1100	1	40	0	0	0	0
0.000	10	0	0	40	0	0.0000	40	0.28	0.51	0.51	0.32	60.4697	56.893	1	0	0	1	1	0	12345678---C	0	2	50	50	0	0	14:50:04	09.10.2014	10	1	1	10	0	0	0	1656010	Мулянка	1	Ч	120	0		2	4581	777	100	400	6000	0	1100	1	40	0	0	0	0
0.000	11	0	0	40	0	0.0000	40	0.28	0.51	0.51	0.32	60.4698	56.894	1	0	0	1	1	0	12345678---C	0	2	50	50	0	0	14:50:05	09.10.2014	11	1	1	11	0	0	0	1656010	Мулянка	1	Ч	120	0		2	4581	777	100	400	6000	0	1100	1	40	0	0	0	0
0.000	12	0	0	40	0	0.0000	40	0.28	0.51	0.51	0.32	60.4699	56.895	1	0	0	1	1	0	12345678---C	0	2	50	50	0	0	14:50:05	09.10.2014	12	1	1	12	0	0	0	1656010	Мулянка	1	Ч	120	0		2	4581	777	100	400	6000	0	1100	1	40	0	0	0	0
0.000	13	0	0	40	0	0.0000	40	0.28	0.51	0.51	0.32	60.4700	56.896	1	0	0	1	1	0	12345678---C	0	2	50	50	0	0	14:50:06	09.10.2014	13	1	1	13	0	0	0	1656010	Мулянка	1	Ч	120	0		2	4581	777	100	400	6000	0	1100	1	40	0	0	0	0
0.000	14	0	0	40	0	0.0000	40	0.28	0.51	0.51	0.32	60.4701	56.897	1	0	0	1	1	0	12345678---C	0	2	50	50	0	0	14:50:06	09.10.2014	14	1	1	14	0	0	0	1656010	Мулянка	1	Ч	120	0		2	4581	777	100	400	6000	0	1100	1	40	0	0	0	0
0.000	15	0	0	40	0	0.0000	40	0.28	0.51	0.51	0.32	60.4702	56.898	1	0	0	1	1	0	12345678---C	0	2	50	50	0	0	14:50:07	09.10.2014	15	1	1	15	0	0	0	1656010	Мулянка	1	Ч	120	0		2	4581	777	100	400	6000	0	1100	1	40	0	0	0	0
0.000	16	0	0	40	0	0.0000	40	0.28	0.51	0.51	0.32	60.4703	56.899	1	0	0	1	1	0	12345678---C	0	2	50	50	0	0	14:50:07	09.10.2014	16	1	1	16	0	0	0	1656010	Мулянка	1	Ч	120	0		2	4581	777	100	400	6000	0	1100	1	40	0	0	0	0
0.000	17	0	0	40	0	0.0000	40	0.28	0.51	0.51	0.32	60.4704	56.900	1	0	0	1	1	0	12345678---C	0	2	50	50	0	0	14:50:08	09.10.2014	17	1	1	17	0	0	0	1656010	Мулянка	1	Ч	120	0		2	4581	777	100	400	6000	0	1100	1	40	0	0	0	0
0.000	18	0	0	40	0	0.0000	40	0.28	0.51	0.51	0.32	60.4705	56.901	1	0	0	1	1	0	12345678---C	0	2	50	50	0	0	14:50:08	09.10.2014	18	1	1	18	0	0	0	1656010	Мулянка	1	Ч	120	0		2	4581	777	100	400	6000	0	1100	1	40	0	0	0	0
0.000	19	0	0	40	0	0.0000	40	0.28	0.51	0.51	0.32	60.4706	56.902	1	0	0	1	1	0	12345678---C	0	2	50	50	0	0	14:50:09	09.10.2014	19	1	1	19	0	0	0	1656010	Мулянка	1	Ч	120	0		2	4581	777	100	400	6000	0	1100	1	40	0	0	0	0
0.000	20	0	0	40	0	0.0000	40	0.28	0.51	0.51	0.32	60.4707	56.903	1	0	0	1	1	0	12345678---C	0	2	50	50	0	0	14:50:09	09.10.2014	20	1	1	20	0	0	0	1656010	Мулянка	1	Ч	120	0		2	4581	777	100	400	6000	0	1100	1	40	0	0	0	0
0.000	21	0	0	40	0	0.0000	40	0.28	0.51	0.51	0.32	60.4708	56.904	1	0	0	1	1	0	12345678---C	0	2	50	50	0	0	14:50:10	09.10.2014	21	1	1	21	0	0	0	1656010	Мулянка	1	Ч	120	0		2	4581	777	100	400	6000	0	1100	1	40	0	0	0	0
0.000	22	0	0	40	0	0.0000	40	0.28	0.51	0.51	0.32	60.4709	56.905	1	0	0	1	1	0	12345678---C	0	2	50	50	0	0	14:50:10	09.10.2014	22	1	1	22	0	0	0	1656010	Мулянка	1	Ч	120	0		2	4581	777	100	400	6000	0	1100	1	40	0	0	0	0
0.000	23	0	0	40	0	0.0000	40	0.28	0.51	0.51	0.32	60.4710	56.906	1	0	0	1	1	0	12345678---C	0	2	50	50	0	0	14:50:11	09.10.2014	23	1	1	23	0	0	0	1656010	Мулянка	1	Ч	120	0		2	4581	777	100	400	6000	0	1100	1	40	0	0	0	0
0.000	24	0	0	40	0	0.0000	40	0.28	0.51	0.58	0.32	60.4711	56.907	1	0	0	1	1	0	12345678---C	0	2	50	50	0	0	14:50:11	09.10.2014	24	1	1	24	0	0	0	1656010	Мулянка	1	Ч	120	0		2	4581	777	100	400	6000	0	1100	1	40	0	0	0	0
0.000	25	0	0	40	0	0.0000	40	0.15	0.55	0.58	0.32	60.4712	56.908	1	0	0	1	1	0	12345678---C	0	2	50	50	0	0	14:50:12	09.10.2014	25	1	1	25	0	1	0	1656010	Мулянка	1	Ч	120	0		2	4581	777	100	400	6000	0	1100	1	40	0	0	0	0
0.000	26	0	0	40	0	0.1200	40	0.02	0.58	0.58	0.32	60.4713	56.909	1	0	0	1	1	0	12345678---C	0	2	50	50	0	0	14:50:12	09.10.2014	26	1	1	26	0	1	0	1656010	Мулянка	1	Ч	120	0		2	4581	777	100	400	6000	0	1100	1	40	0	0	0	0
0.216	27	0	0	40	0	0.1400	40	0.00	0.58	0.57	0.32	60.4714	56.910	1	0	0	1	1	0	12345678---C	0	2	50	50	0	0	14:50:13	09.10.2014	27	1	1	27	0	1	1	1656010	Мулянка	1	Ч	120	0		2	4581	777	100	400	6000	0	1100	1	40	0	0	0	0
0.468	28	0	0	40	0	0.1600	40	0.00	0.58	0.57	0.32	60.4715	56.911	1	0	0	1	1	0	12345678---C	0	2	50	50	0	0	14:50:13	09.10.2014	28	1	1	28	0	1	1	1656010	Мулянка	1	Ч	120	0		2	4581	777	100	400	6000	0	1100	1	40	0	0	0	0
0.756	29	1	1	40	0	0.1800	40	0.00	0.57	0.56	0.32	60.4716	56.912	1	0	0	1	1	0	12345678---C	0	2	50	50	0	0	14:50:14	09.10.2014	29	1	1	29	0	1	1	1656010	Мулянка	1	Ч	120	0		2	4581	777	100	400	6000	0	1100	1	40	0	0	0	0
1.080	30	1	1	40	0	0.2400	40	0.00	0.57	0.56	0.32	60.4717	56.913	1	0	0	1	1	0	12345678---C	0	2	50	50	0	0	14:50:14	09.10.2014	30	1	1	30	1	1	1	1656010	Мулянка	1	Ч	120	0		2	4581	777	100	400	6000	0	1100	1	40	0	0	0	0
1.512	31	2	2	39	0	0.2500	40	0.00	0.56	0.55	0.32	60.4718	56.914	1	0	0	1	1	0	12345678---C	1	2	50	50	0	0	14:50:15	09.10.2014	31	1	1	31	1	1	1	1656011	Мулянка	1	Ч	119	0		2	4581	777	100	400	6000	0	1100	1	40	0	0	0	0
1.962	32	2	2	39	0	0.2500	40	0.00	0.56	0.55	0.32	60.4719	56.915	1	0	0	1	1	0	12345678---C	1	2	50	50	0	0	14:50:15	09.10.2014	32	1	1	32	1	1	1	1656011	Мулянка	1	Ч	119	0		2	4581	777	100	400	6000	0	1100	1	40	0	0	0	0
2.412	33	2	2	38	0	0.2600	40	0.00	0.55	0.54	0.32	60.4720	56.916	1	0	0	1	1	0	12345678---C	1	2	50	50	0	0	14:50:16	09.10.2014	33	1	1	33	1	1	1	1656011	Мулянка	1	Ч	119	0		2	4581	777	100	400	6000	0	1100	1	40	0	0	0	0
2.880	34	3	3	37	0	0.2600	40	0.00	0.55	0.54	0.32	60.4721	56.917	1	0	0	1	1	0	12345678---C	2	2	50	50	0	0	14:50:16	09.10.2014	34	1	1	34	0	1	1	1656012	Мулянка	1	Ч	118	0		2	4581	777	100	400	6000	0	1100	1	40	0	0	0	0
3.348	35	3	3	36	0	0.2500	40	0.00	0.54	0.53	0.32	60.4722	56.918	1	0	0	1	1	0	12345678---C	2	2	50	50	0	0	14:50:17	09.10.2014	35	1	1	35	0	1	1	1656012	Мулянка	1	Ч	118	0		2	4581	777	100	400	6000	0	1100	1	40	0	0	0	0
3.798	36	4	4	36	0	0.2500	40	0.00	0.54	0.53	0.32	60.4723	56.919	1	0	0	1	1	0	12345678---C	3	2	50	50	0	0	14:50:17	09.10.2014	36	1	1	36	0	1	1	1656013	Мулянка	1	Ч	117	0		2	4581	777	100	400	6000	0	1100	1	40	0	0	0	0
4.248	37	4	4	35	0	0.2900	40	0.00	0.53	0.52	0.32	60.4724	56.920	1	0	0	1	1	0	12345678---C	3	2	50	50	0	0	14:50:18	09.10.2014	37	1	1	37	0	1	1	1656013	Мулянка	1	Ч	117	0		2	4581	777	100	400	6000	0	1100	1	40	0	0	0	0
4.770	38	5	5	34	0	0.3500	40	0.00	0.53	0.52	0.32	60.4725	56.921	1	0	0	1	1	0	12345678---C	4	2	50	50	0	0	14:50:18	09.10.2014	38	1	1	38	0	1	1	1656014	Мулянка	1	Ч	116	0		2	4581	777	100	400	6000	0	1100	1	40	0	0	0	0
5.400	39	5	5	33	0	0.3800	40	0.00	0.52	0.51	0.32	60.4726	56.922	1	0	0	1	1	0	12345678---C	5	2	50	50	0	0	14:50:19	09.10.2014	39	1	1	39	0	1	1	1656015	Мулянка	1	Ч	115	0		2	4581	777	100	400	6000	0	1100	1	40	0	0	0	0
6.084	40	6	6	33	0	0.3800	40	0.00	0.52	0.51	0.32	60.4727	56.923	1	0	0	1	1	0	12345678---C	5	2	50	50	0	0	14:50:19	09.10.2014	40	1	1	40	0	1	1	1656015	Мулянка	1	Ч	115	0		2	4581	777	100	400	6000	0	1100	1	40	0	0	0	0
6.768	41	7	7	32	0	0.3400	40	0.00	0.51	0.51	0.32	60.4728	56.924	1	0	0	1	1	0	12345678---C	6	2	50	50	0	0	14:50:20	09.10.2014	41	1	1	41	0	1	1	1656016	Мулянка	1	Ч	114	0		2	4581	777	100	400	6000	0	1100	1	40	0	0	0	0
7.380	42	7	7	31	0	0.3500	40	0.00	0.51	0.51	0.32	60.4729	56.925	1	0	0	1	1	0	12345678---C	7	2	50	50	0	0	14:50:20	09.10.2014	42	1	1	42	0	1	1	1656017	Мулянка	1	Ч	113	0		2	4581	777	100	400	6000	0	1100	1	40	0	0	0	0
8.010	43	8	8	30	0	0.3300	40	0.00	0.51	0.51	0.32	60.4730	56.926	1	0	0	1	1	0	12345678---C	8	2	50	50	0	0	14:50:21	09.10.2014	43	1	1	43	0	1	1	1656018	Мулянка	1	Ч	112	0		2	4581	777	100	400	6000	0	1100	1	40	0	0	0	0
8.604	44	9	9	30	0	0.3400	40	0.00	0.51	0.51	0.32	60.4731	56.927	1	0	0	1	1	0	12345678---C	10	2	50	50	0	0	14:50:21	09.10.2014	44	1	1	44	0	1	1	1656020	Мулянка	1	Ч	110	0		2	4581	777	100	400	6000	0	1100	1	40	0	0	0	0
9.216	45	9	9	29	0	0.3200	40	0.00	0.51	0.51	0.32	60.4732	56.928	1	0	0	1	1	0	12345678---C	11	2	50	50	0	0	14:50:22	09.10.2014	45	1	1	45	0	1	1	1656021	Мулянка	1	Ч	109	0		2	4581	777	100	400	6000	0	1100	1	40	0	0	0	0
9.792	46	10	10	28	0	0.3040	40	0.00	0.51	0.51	0.32	60.4733	56.929	1	0	0	1	1	0	12345678---C	12	2	50	50	0	0	14:50:22	09.10.2014	46	1	1	46	0	1	1	1656022	Мулянка	1	Ч	108	0		2	4581	777	100	400	6000	0	1100	1	40	0	0	0	0
10.339	47	10	10	27	0	0.3300	40	0.00	0.51	0.51	0.32	60.4734	56.930	1	0	0	1	1	0	12345678---C	14	2	50	50	0	0	14:50:23	09.10.2014	47	1	1	47	0	1	1	1656024	Мулянка	1	Ч	106	0		2	4581	777	100	400	6000	0	1100	1	40	0	0	0	0
10.933	48	11	11	27	0	0.3400	40	0.00	0.51	0.51	0.32	60.4735	56.931	1	0	0	1	1	0	12345678---C	15	2	50	50	0	0	14:50:23	09.10.2014	48	1	1	48	0	1	1	1656025	Мулянка	1	Ч	105	0		2	4581	777	100	400	6000	0	1100	1	40	0	0	0	0
11.545	49	12	12	26	0	0.3230	40	0.00	0.51	0.51	0.32	60.4736	56.932	1	0	0	1	1	0	12345678---C	17	2	50	50	0	0	14:50:24	09.10.2014	49	1	1	49	0	1	1	1656027	Мулянка	1	Ч	103	0		2	4581	777	100	400	6000	0	1100	1	40	0	0	0	0
12.127	50	12	12	25	0	0.3069	40	0.00	0.51	0.51	0.32	60.4737	56.933	1	0	0	1	1	0	12345678---C	19	2	50	50	0	0	14:50:24	09.10.2014	50	1	1	50	0	1	1	1656029	Мулянка	1	Ч	101	0		2	4581	777	100	400	6000	0	1100	1	40	0	0	0	0
12.679	51	13	13	24	0	0.3200	40	0.00	0.51	0.51	0.32	60.4738	56.934	1	0	0	1	1	0	12345678---C	20	2	50	50	0	0	14:50:25	09.10.2014	51	1	1	51	0	1	1	1656030	Мулянка	1	Ч	100	0		2	4581	777	100	400	6000	0	1100	1	40	0	0	0	0
13.255	52	13	13	24	0	0.2500	40	0.00	0.51	0.51	0.32	60.4739	56.935	1	0	0	1	1	0	12345678---C	22	2	50	50	0	0	14:50:25	09.10.2014	52	1	1	52	0	1	1	1656032	Мулянка	1	Ч	98	0		2	4581	777	100	400	6000	0	1100	1	40	0	0	0	0
13.705	53	14	14	23	0	0.2100	40	0.00	0.51	0.51	0.32	60.4740	56.936	1	0	0	1	1	0	12345678---C	24	2	50	50	0	0	14:50:26	09.10.2014	53	1	1	53	0	1	1	1656034	Мулянка	1	Ч	96	0		2	4581	777	100	400	6000	0	1100	1	40	0	0	0	0
14.083	54	14	14	22	0	0.2000	40	0.00	0.51	0.51	0.32	60.4741	56.937	1	0	0	1	1	0	12345678---C	26	2	50	50	0	0	14:50:26	09.10.2014	54	1	1	54	0	1	1	1656036	Мулянка	1	Ч	94	0		2	4581	777	100	400	6000	0	1100	1	40	0	0	0	0
14.443	55	14	14	21	0	0.2100	40	0.00	0.51	0.51	0.32	60.4742	56.938	1	0	0	1	1	0	12345678---C	28	2	50	50	0	0	14:50:27	09.10.2014	55	1	1	55	0	1	1	1656038	Мулянка	1	Ч	92	0		2	4581	777	100	400	6000	0	1100	1	40	0	0	0	0
14.821	56	15	15	80	80	0.3100	40	0.00	0.51	0.51	0.32	60.4743	56.939	1	0	0	1	1	0	12345678---C	30	4	50	50	0	0	14:50:27	09.10.2014	56	1	1	56	0	1	1	1656040	Мулянка	1	Ч	90	0		2	4581	777	100	400	6000	0	1100	1	40	0	0	0	0
15.379	57	15	15	80	80	0.3100	40	0.00	0.51	0.51	0.32	60.4744	56.940	1	0	0	1	1	0	12345678---C	32	4	50	50	0	0	14:50:28	09.10.2014	57	1	1	57	0	1	1	1656042	Мулянка	1	Ч	88	0		2	4581	777	100	400	6000	0	1100	1	40	0	0	0	0
15.937	58	16	16	80	80	0.3200	40	0.00	0.51	0.51	0.32	60.4745	56.941	1	0	0	1	1	0	12345678---C	34	4	50	50	0	0	14:50:28	09.10.2014	58	1	1	58	0	1	1	1656044	Мулянка	1	Ч	86	0		2	4581	777	100	400	6000	0	1100	1	40	0	0	0	0
16.513	59	17	17	80	80	0.2800	40	0.00	0.51	0.51	0.32	60.4746	56.942	1	0	0	1	1	0	12345678---C	37	4	50	50	0	0	14:50:29	09.10.2014	59	1	1	59	0	1	1	1656047	Мулянка	1	Ч	83	0		2	4581	777	100	400	6000	0	1100	1	40	0	0	0	0
17.017	60	17	17	80	80	0.2800	40	0.00	0.51	0.51	0.32	60.4747	56.943	1	0	0	1	1	0	12345678---C	39	4	50	50	0	0	14:50:29	09.10.2014	60	1	1	60	0	1	1	1656049	Мулянка	1	Ч	81	0		2	4581	777	100	400	6000	0	1100	1	40	0	0	0	0
17.521	61	18	18	80	80	0.2660	40	0.00	0.51	0.51	0.32	60.4748	56.944	1	0	0	1	1	0	12345678---C	42	4	50	50	0	0	14:50:30	09.10.2014	61	1	1	61	0	1	1	1656052	Мулянка	1	Ч	78	0		2	4581	777	100	400	6000	0	1100	1	40	0	0	0	0
18.000	62	18	18	80	80	0.2527	40	0.00	0.51	0.51	0.32	60.4749	56.945	1	0	0	1	1	0	12345678---C	44	4	50	50	0	0	14:50:30	09.10.2014	62	1	1	62	0	1	1	1656054	Мулянка	1	Ч	76	0		2	4581	777	100	400	6000	0	1100	1	40	0	0	0	0
18.455	63	18	18	80	80	0.2401	40	0.00	0.51	0.51	0.32	60.4750	56.946	1	0	0	1	1	0	12345678---C	47	4	50	50	0	0	14:50:31	09.10.2014	63	1	1	63	0	1	1	1656057	Мулянка	1	Ч	73	0		2	4581	777	100	400	6000	0	1100	1	40	0	0	0	0
18.887	64	19	19	80	80	0.2400	40	0.00	0.51	0.51	0.32	60.4751	56.947	1	0	0	1	1	0	12345678---C	49	4	50	50	0	0	14:50:31	09.10.2014	64	1	1	64	0	1	1	1656059	Мулянка	1	Ч	71	0		2	4581	777	100	400	6000	0	1100	1	40	0	0	0	0
19.319	65	19	19	80	80	0.2400	40	0.00	0.51	0.51	0.32	60.4752	56.948	1	0	0	1	1	0	12345678---C	52	4	50	50	0	0	14:50:32	09.10.2014	65	1	1	65	0	1	1	1656062	Мулянка	1	Ч	68	0		2	4581	777	100	400	6000	0	1100	1	40	0	0	0	0
19.751	66	20	20	80	80	0.2500	40	0.00	0.51	0.51	0.32	60.4753	56.949	1	0	0	1	1	0	12345678---C	55	4	50	50	0	0	14:50:32	09.10.2014	66	1	1	66	0	1	1	1656065	Мулянка	1	Ч	65	0		2	4581	777	100	400	6000	0	1100	1	40	0	0	0	0
20.201	67	20	20	80	80	0.2600	40	0.00	0.51	0.51	0.32	60.4754	56.950	1	0	0	1	1	0	12345678---C	57	4	50	50	0	0	14:50:33	09.10.2014	67	1	1	67	0	1	1	1656067	Мулянка	1	Ч	63	0		2	4581	777	100	400	6000	0	1100	1	40	0	0	0	0
20.669	68	21	21	80	80	0.2600	40	0.00	0.51	0.51	0.32	60.4755	56.951	1	0	0	1	1	0	12345678---C	60	4	50	50	0	0	14:50:33	09.10.2014	68	1	1	68	0	1	1	1656070	Мулянка	1	Ч	60	0		2	4581	777	100	400	6000	0	1100	1	40	0	0	0	0
21.137	69	21	21	80	80	0.2500	40	0.00	0.51	0.51	0.32	60.4756	56.952	1	0	0	1	1	0	12345678---C	63	4	50	50	0	0	14:50:34	09.10.2014	69	1	1	69	0	1	1	1656073	Мулянка	1	Ч	57	0		2	4581	777	100	400	6000	0	1100	1	40	0	0	0	0
21.587	70	22	22	80	80	0.2600	40	0.00	0.51	0.51	0.32	60.4757	56.953	1	0	0	1	1	0	12345678---C	66	4	50	50	0	0	14:50:34	09.10.2014	70	1	1	70	0	1	1	1656076	Мулянка	1	Ч	54	0		2	4581	777	100	400	6000	0	1100	1	40	0	0	0	0
22.055	71	22	22	80	80	0.2400	40	0.00	0.51	0.51	0.32	60.4758	56.954	1	0	0	1	1	0	12345678---C	69	4	50	50	0	0	14:50:35	09.10.2014	71	1	1	71	0	1	1	1656079	Мулянка	1	Ч	51	0		2	4581	777	100	400	6000	0	1100	1	40	0	0	0	0
22.487	72	22	22	80	80	0.2600	40	0.00	0.51	0.51	0.32	60.4759	56.955	1	0	0	1	1	0	12345678---C	72	4	50	50	0	0	14:50:35	09.10.2014	72	1	1	72	0	1	1	1656082	Мулянка	1	Ч	48	0		2	4581	777	100	400	6000	0	1100	1	40	0	0	0	0
22.955	73	23	23	80	80	0.2400	40	0.00	0.51	0.51	0.32	60.4760	56.956	1	0	0	1	1	0	12345678---C	76	4	50	50	0	0	14:50:36	09.10.2014	73	1	1	73	0	1	1	1656086	Мулянка	1	Ч	44	0		2	4581	777	100	400	6000	0	1100	1	40	0	0	0	0
23.387	74	23	23	80	80	0.2200	40	0.00	0.51	0.51	0.32	60.4761	56.957	1	0	0	1	1	0	12345678---C	79	4	50	50	0	0	14:50:36	09.10.2014	74	1	1	74	0	1	1	1656089	Мулянка	1	Ч	41	0		2	4581	777	100	400	6000	0	1100	1	40	0	0	0	0
23.783	75	24	24	80	80	0.2000	40	0.00	0.51	0.51	0.32	60.4762	56.958	1	0	0	1	1	0	12345678---C	82	4	50	50	0	0	14:50:37	09.10.2014	75	1	1	75	0	1	1	1656092	Мулянка	1	Ч	38	0		2	4581	777	100	400	6000	0	1100	1	40	0	0	0	0
24.143	76	24	24	80	80	0.2100	40	0.00	0.51	0.51	0.32	60.4763	56.959	1	0	0	1	1	0	12345678---C	86	4	50	50	0	0	14:50:37	09.10.2014	76	1	1	76	0	1	1	1656096	Мулянка	1	Ч	34	0		2	4581	777	100	400	6000	0	1100	1	40	0	0	0	0
24.521	77	25	25	80	80	0.2000	40	0.00	0.51	0.51	0.32	60.4764	56.960	1	0	0	1	1	0	12345678---C	89	4	50	50	0	0	14:50:38	09.10.2014	77	1	1	77	0	1	1	1656099	Мулянка	1	Ч	31	0		2	4581	777	100	400	6000	0	1100	1	40	0	0	0	0
24.881	78	25	25	80	80	0.2000	40	0.00	0.51	0.51	0.32	60.4765	56.961	1	0	0	1	1	0	12345678---C	92	4	50	50	0	0	14:50:38	09.10.2014	78	1	1	78	0	1	1	1656102	Мулянка	1	Ч	28	0		2	4581	777	100	400	6000	0	1100	1	40	0	0	0	0
25.241	79	25	25	80	80	0.1900	40	0.00	0.51	0.51	0.32	60.4766	56.962	1	0	0	1	1	0	12345678---C	96	4	50	50	0	0	14:50:39	09.10.2014	79	1	1	79	0	1	1	1656106	Мулянка	1	Ч	24	0		2	4581	777	100	400	6000	0	1100	1	40	0	0	0	0
25.583	80	26	26	80	80	0.1800	40	0.00	0.51	0.51	0.32	60.4767	56.963	1	0	0	1	1	0	12345678---C	99	4	50	50	0	0	14:50:39	09.10.2014	80	1	1	80	0	1	1	1656109	Мулянка	1	Ч	21	0		2	4581	777	100	400	6000	0	1100	1	40	0	0	0	0
25.907	81	26	26	80	80	0.1800	40	0.00	0.51	0.51	0.32	60.4768	56.964	1	0	0	1	1	0	12345678---C	103	4	50	50	0	0	14:50:40	09.10.2014	81	1	1	81	0	1	1	1656113	Мулянка	1	Ч	17	0		2	4581	777	100	400	6000	0	1100	1	40	0	0	0	0
26.231	82	26	26	80	80	0.1800	40	0.00	0.51	0.51	0.32	60.4769	56.965	1	0	0	1	1	0	12345678---C	107	4	50	50	0	0	14:50:40	09.10.2014	82	1	1	82	0	1	1	1656117	Мулянка	1	Ч	13	0		2	4581	777	100	400	6000	0	1100	1	40	0	0	0	0
26.555	83	27	27	80	80	0.1800	40	0.00	0.51	0.51	0.32	60.4770	56.966	1	0	0	1	1	0	12345678---C	110	4	50	50	0	0	14:50:41	09.10.2014	83	1	1	83	0	1	1	1656120	Мулянка	1	Ч	10	0		2	4581	777	100	400	6000	0	1100	1	40	0	0	0	0
26.879	84	27	27	80	80	0.1800	40	0.00	0.51	0.51	0.32	60.4771	56.967	1	0	0	1	1	0	12345678---C	114	4	50	50	0	0	14:50:41	09.10.2014	84	1	1	84	0	1	1	1656124	Мулянка	1	Ч	6	0		2	4581	777	100	400	6000	0	1100	1	40	0	0	0	0
27.203	85	27	27	80	60	0.1700	40	0.00	0.51	0.51	0.32	60.4772	56.968	1	0	0	1	1	0	12345678---C	118	3	50	50	0	0	14:50:42	09.10.2014	85	1	1	85	1	1	1	1656128	Мулянка	1	Ч2	257	252		2	4581	777	100	400	6000	0	1100	1	40	0	0	0	0
27.509	86	28	28	80	60	0.1900	40	0.00	0.51	0.51	0.32	60.4773	56.969	1	0	0	1	1	0	12345678---C	122	3	50	50	0	0	14:50:42	09.10.2014	86	1	1	86	1	1	1	1656132	Мулянка	1	Ч2	253	248		2	4581	777	100	400	6000	0	1100	1	40	0	0	0	0
27.851	87	28	28	79	60	0.1800	40	0.00	0.51	0.51	0.32	60.4774	56.970	1	0	0	1	1	0	12345678---C	126	3	50	50	0	0	14:50:43	09.10.2014	87	1	1	87	1	1	1	1656136	Мулянка	1	Ч2	249	244		2	4581	777	100	400	6000	0	1100	1	40	0	0	0	0
28.175	88	28	28	79	60	0.1900	40	0.00	0.51	0.51	0.32	60.4775	56.971	1	0	0	1	1	0	12345678---C	129	3	50	50	0	0	14:50:43	09.10.2014	88	1	1	88	1	1	1	1656139	Мулянка	1	Ч2	245	240		2	4581	777	100	400	6000	0	1100	1	40	0	0	0	0
28.517	89	29	29	78	60	0.1800	40	0.00	0.51	0.51	0.32	60.4776	56.972	1	0	0	1	1	0	12345678---C	133	3	50	50	0	0	14:50:44	09.10.2014	89	1	1	89	1	1	1	1656143	Мулянка	1	Ч2	241	236		2	4581	777	100	400	6000	0	1100	1	40	0	0	0	0
28.841	90	29	29	78	60	0.1800	40	0.00	0.51	0.51	0.32	60.4777	56.973	1	0	0	1	1	0	12345678---C	137	3	50	50	0	0	14:50:44	09.10.2014	90	1	1	90	1	1	1	1656147	Мулянка	1	Ч2	237	232		2	4581	777	100	400	6000	0	1100	1	40	0	0	0	0
29.165	91	29	29	78	60	0.1800	40	0.00	0.51	0.51	0.32	60.4778	56.974	1	0	0	1	1	0	12345678---C	142	3	50	50	0	0	14:50:45	09.10.2014	91	1	1	91	0	1	1	1656152	Мулянка	1	Ч2	233	228		2	4581	777	100	400	6000	0	1100	1	40	0	0	0	0
29.489	92	29	29	77	60	0.1900	40	0.00	0.51	0.51	0.32	60.4779	56.975	1	0	0	1	1	0	12345678---C	146	3	50	50	0	0	14:50:45	09.10.2014	92	1	1	92	0	1	1	1656156	Мулянка	1	Ч2	229	224		2	4581	777	100	400	6000	0	1100	1	40	0	0	0	0
29.831	93	30	30	77	60	0.1800	40	0.00	0.51	0.51	0.32	60.4780	56.976	1	0	0	1	1	0	12345678---C	150	3	50	50	0	0	14:50:46	09.10.2014	93	1	1	93	0	1	1	1656160	Мулянка	1	Ч2	225	220		2	4581	777	100	400	6000	0	1100	1	40	0	0	0	0
30.155	94	30	30	76	60	0.1900	40	0.00	0.51	0.51	0.32	60.4781	56.977	1	0	0	1	1	0	12345678---C	154	3	50	50	0	0	14:50:46	09.10.2014	94	1	1	94	0	1	1	1656164	Мулянка	1	Ч2	221	216		2	4581	777	100	400	6000	0	1100	1	40	0	0	0	0
30.497	95	30	30	76	60	0.2000	40	0.00	0.51	0.51	0.32	60.4782	56.978	1	0	0	1	1	0	12345678---C	158	3	50	50	0	0	14:50:47	09.10.2014	95	1	1	95	0	1	1	1656168	Мулянка	1	Ч2	217	212		2	4581	777	100	400	6000	0	1100	1	40	0	0	0	0
30.857	96	31	31	76	60	0.2000	40	0.00	0.51	0.51	0.32	60.4783	56.979	1	0	0	1	1	0	12345678---C	162	3	50	50	0	0	14:50:47	09.10.2014	96	1	1	96	0	1	1	1656172	Мулянка	1	Ч2	212	207		2	4581	777	100	400	6000	0	1100	1	40	0	0	0	0
31.217	97	31	31	75	60	0.2100	40	0.00	0.51	0.51	0.32	60.4784	56.980	1	0	0	1	1	0	12345678---C	167	3	50	50	0	0	14:50:48	09.10.2014	97	1	1	97	0	1	1	1656177	Мулянка	1	Ч2	208	203		2	4581	777	100	400	6000	0	1100	1	40	0	0	0	0
31.595	98	32	32	75	60	0.2200	40	0.00	0.51	0.51	0.32	60.4785	56.981	1	0	0	1	1	0	12345678---C	171	3	50	50	0	0	14:50:48	09.10.2014	98	1	1	98	0	1	1	1656181	Мулянка	1	Ч2	204	199		2	4581	777	100	400	6000	0	1100	1	40	0	0	0	0
31.991	99	32	32	75	60	0.2100	40	0.00	0.51	0.51	0.32	60.4786	56.982	1	0	0	1	1	0	12345678---C	176	3	50	50	0	0	14:50:49	09.10.2014	99	1	1	99	0	1	1	1656186	Мулянка	1	Ч2	199	194		2	4581	777	100	400	6000	0	1100	1	40	0	0	0	0
32.369	100	32	32	74	60	0.2100	40	0.00	0.51	0.51	0.32	60.4787	56.983	1	0	0	1	1	0	12345678---C	180	3	50	50	0	0	14:50:49	09.10.2014	100	1	1	100	0	1	1	1656190	Мулянка	1	Ч2	195	190		2	4581	777	100	400	6000	0	1100	1	40	0	0	0	0
32.747	101	33	33	74	60	0.1900	40	0.00	0.51	0.51	0.32	60.4788	56.984	1	0	0	1	1	0	12345678---C	185	3	50	50	0	0	14:50:50	09.10.2014	101	1	1	101	0	1	1	1656195	Мулянка	1	Ч2	190	185		2	4581	777	100	400	6000	0	1100	1	40	0	0	0	0
33.089	102	33	33	73	60	0.1800	40	0.00	0.51	0.51	0.32	60.4789	56.985	1	0	0	1	1	0	12345678---C	189	3	50	50	0	0	14:50:50	09.10.2014	102	1	1	102	0	1	1	1656199	Мулянка	1	Ч2	186	181		2	4581	777	100	400	6000	0	1100	1	40	0	0	0	0
33.413	103	33	33	73	60	0.1710	40	0.00	0.51	0.51	0.32	60.4790	56.986	1	0	0	1	1	0	12345678---C	194	3	50	50	0	0	14:50:51	09.10.2014	103	1	1	103	0	1	1	1656204	Мулянка	1	Ч2	181	176		2	4581	777	100	400	6000	0	1100	1	40	0	0	0	0
33.721	104	34	34	73	60	0.1625	40	0.00	0.51	0.51	0.32	60.4791	56.987	1	0	0	1	1	0	12345678---C	199	3	50	50	0	0	14:50:51	09.10.2014	104	1	1	104	0	1	1	1656209	Мулянка	1	Ч2	176	171		2	4581	777	100	400	6000	0	1100	1	40	0	0	0	0
34.013	105	34	34	72	60	0.1543	40	0.00	0.51	0.51	0.32	60.4792	56.988	1	0	0	1	1	0	12345678---C	203	3	50	50	0	0	14:50:52	09.10.2014	105	1	1	105	0	1	1	1656213	Мулянка	1	Ч2	172	167		2	4581	777	100	400	6000	0	1100	1	40	0	0	0	0
34.291	106	34	34	72	60	0.1466	40	0.00	0.51	0.51	0.32	60.4793	56.989	1	0	0	1	1	0	12345678---C	208	3	50	50	0	0	14:50:52	09.10.2014	106	1	1	106	0	1	1	1656218	Мулянка	1	Ч2	167	162		2	4581	777	100	400	6000	0	1100	1	40	0	0	0	0
34.555	107	35	35	71	60	0.1393	40	0.00	0.51	0.51	0.32	60.4794	56.990	1	0	0	1	1	0	12345678---C	213	3	50	50	0	0	14:50:53	09.10.2014	107	1	1	107	0	1	1	1656223	Мулянка	1	Ч2	162	157		2	4581	777	100	400	6000	0	1100	1	40	0	0	0	0
34.805	108	35	35	71	60	0.1323	40	0.00	0.51	0.51	0.32	60.4795	56.991	1	0	0	1	1	0	12345678---C	218	3	50	50	0	0	14:50:53	09.10.2014	108	1	1	108	0	1	1	1656228	Мулянка	1	Ч2	157	152		2	4581	777	100	400	6000	0	1100	1	40	0	0	0	0
35.043	109	35	35	71	60	0.1257	40	0.00	0.51	0.51	0.32	60.4796	56.992	1	0	0	1	1	0	12345678---C	223	3	50	50	0	0	14:50:54	09.10.2014	109	1	1	109	0	1	1	1656233	Мулянка	1	Ч2	152	147		2	4581	777	100	400	6000	0	1100	1	40	0	0	0	0
35.270	110	35	35	70	60	0.1194	40	0.00	0.51	0.51	0.32	60.4797	56.993	1	0	0	1	1	0	12345678---C	227	3	50	50	0	0	14:50:54	09.10.2014	110	1	1	110	0	1	1	1656237	Мулянка	1	Ч2	147	142		2	4581	777	100	400	6000	0	1100	1	40	0	0	0	0
35.485	111	35	35	70	60	0.1134	40	0.00	0.51	0.51	0.32	60.4798	56.994	1	0	0	1	1	0	12345678---C	232	3	50	50	0	0	14:50:55	09.10.2014	111	1	1	111	0	1	1	1656242	Мулянка	1	Ч2	142	137		2	4581	777	100	400	6000	0	1100	1	40	0	0	0	0
35.689	112	36	36	69	60	0.1078	40	0.00	0.51	0.51	0.32	60.4799	56.995	1	0	0	1	1	0	12345678---C	237	3	50	50	0	0	14:50:55	09.10.2014	112	1	1	112	0	1	1	1656247	Мулянка	1	Ч2	138	133		2	4581	777	100	400	6000	0	1100	1	40	0	0	0	0
35.883	113	36	36	69	60	0.1024	40	0.00	0.51	0.51	0.32	60.4800	56.996	1	0	0	1	1	0	12345678---C	242	3	50	50	0	0	14:50:56	09.10.2014	113	1	1	113	0	1	1	1656252	Мулянка	1	Ч2	133	128		2	4581	777	100	400	6000	0	1100	1	40	0	0	0	0
36.067	114	36	36	69	60	0.0973	40	0.00	0.51	0.51	0.32	60.4801	56.997	1	0	0	1	1	0	12345678---C	247	3	50	50	0	0	14:50:56	09.10.2014	114	1	1	114	0	1	1	1656257	Мулянка	1	Ч2	128	123		2	4581	777	100	400	6000	0	1100	1	40	0	0	0	0
36.242	115	36	36	68	60	0.0924	40	0.00	0.51	0.51	0.32	60.4802	56.998	1	0	0	1	1	0	12345678---C	252	3	50	50	0	0	14:50:57	09.10.2014	115	1	1	115	0	1	1	1656262	Мулянка	1	Ч2	123	118		2	4581	777	100	400	6000	0	1100	1	40	0	0	0	0
36.409	116	36	36	68	60	0.0878	40	0.00	0.51	0.51	0.32	60.4803	56.999	1	0	0	1	1	0	12345678---C	257	3	50	50	0	0	14:50:57	09.10.2014	116	1	1	116	0	1	1	1656267	Мулянка	1	Ч2	117	112		2	4581	777	100	400	6000	0	1100	1	40	0	0	0	0
36.567	117	37	37	67	60	0.0834	40	0.00	0.51	0.51	0.32	60.4804	56.1000	1	0	0	1	1	0	12345678---C	263	3	50	50	0	0	14:50:58	09.10.2014	117	1	1	117	0	1	1	1656273	Мулянка	1	Ч2	112	107		2	4581	777	100	400	6000	0	1100	1	40	0	0	0	0
36.717	118	37	37	67	60	0.0792	40	0.00	0.51	0.51	0.32	60.4805	56.1001	1	0	0	1	1	0	12345678---C	268	3	50	50	0	0	14:50:58	09.10.2014	118	1	1	118	0	1	1	1656278	Мулянка	1	Ч2	107	102		2	4581	777	100	400	6000	0	1100	1	40	0	0	0	0
36.859	119	37	37	67	60	0.0753	40	0.00	0.51	0.51	0.32	60.4806	56.1002	1	0	0	1	1	0	12345678---C	273	3	50	50	0	0	14:50:59	09.10.2014	119	1	1	119	0	1	1	1656283	Мулянка	1	Ч2	102	97		2	4581	777	100	400	6000	0	1100	1	40	0	0	0	0
36.995	120	37	37	66	60	0.0715	40	0.00	0.51	0.51	0.32	60.4807	56.1003	1	0	0	1	1	0	12345678---C	278	3	50	50	0	0	14:50:59	09.10.2014	120	1	1	120	0	1	1	1656288	Мулянка	1	Ч2	97	92		2	4581	777	100	400	6000	0	1100	1	40	0	0	0	0
37.123	121	37	37	66	60	0.0679	40	0.00	0.51	0.51	0.32	60.4808	56.1004	1	0	0	1	1	0	12345678---C	283	3	50	50	0	0	14:51:00	09.10.2014	121	1	1	121	0	1	1	1656293	Мулянка	1	Ч2	92	87		2	4581	777	100	400	6000	0	1100	1	40	0	0	0	0
37.246	122	37	37	65	60	0.0645	40	0.00	0.51	0.51	0.32	60.4809	56.1005	1	0	0	1	1	0	12345678---C	288	3	50	50	0	0	14:51:00	09.10.2014	122	1	1	122	0	1	1	1656298	Мулянка	1	Ч2	87	82		2	4581	777	100	400	6000	0	1100	1	40	0	0	0	0
37.362	123	37	37	65	60	0.0613	40	0.00	0.51	0.51	0.32	60.4810	56.1006	1	0	0	1	1	0	12345678---C	293	3	50	50	0	0	14:51:01	09.10.2014	123	1	1	123	0	1	1	1656303	Мулянка	1	Ч2	81	76		2	4581	777	100	400	6000	0	1100	1	40	0	0	0	0
37.472	124	37	37	65	60	0.0582	40	0.00	0.51	0.51	0.32	60.4811	56.1007	1	0	0	1	1	0	12345678---C	299	3	50	50	0	0	14:51:01	09.10.2014	124	1	1	124	0	1	1	1656309	Мулянка	1	Ч2	76	71		2	4581	777	100	400	6000	0	1100	1	40	0	0	0	0
37.577	125	38	38	64	60	0.0553	40	0.00	0.51	0.51	0.32	60.4812	56.1008	1	0	0	1	1	0	12345678---C	304	3	50	50	0	0	14:51:02	09.10.2014	125	1	1	125	0	1	1	1656314	Мулянка	1	Ч2	71	66		2	4581	777	100	400	6000	0	1100	1	40	0	0	0	0
37.677	126	38	38	64	60	0.0526	40	0.00	0.51	0.51	0.32	60.4813	56.1009	1	0	0	1	1	0	12345678---C	309	3	50	50	0	0	14:51:02	09.10.2014	126	1	1	126	0	1	1	1656319	Мулянка	1	Ч2	66	61		2	4581	777	100	400	6000	0	1100	1	40	0	0	0	0
37.771	127	38	38	64	60	0.0499	40	0.00	0.51	0.51	0.32	60.4814	56.1010	1	0	0	1	1	0	12345678---C	314	3	50	50	0	0	14:51:03	09.10.2014	127	1	1	127	0	1	1	1656324	Мулянка	1	Ч2	61	56		2	4581	777	100	400	6000	0	1100	1	40	0	0	0	0
37.861	128	38	38	63	60	0.0000	40	0.00	0.51	0.51	0.32	60.4815	56.1011	1	0	0	1	1	0	12345678---C	320	3	50	50	0	0	14:51:03	09.10.2014	128	1	1	128	1	1	1	1656330	Мулянка	1	Ч2	55	50		2	4581	777	100	400	6000	0	1100	1	40	0	0	0	0
37.861	129	38	38	63	60	0.0000	40	0.00	0.51	0.51	0.32	60.4816	56.1012	1	0	0	1	1	0	12345678---C	325	3	50	50	0	0	14:51:04	09.10.2014	129	1	1	129	1	1	1	1656335	Мулянка	1	Ч2	50	45		2	4581	777	100	400	6000	0	1100	1	40	0	0	0	0
37.861	130	38	38	62	60	0.0000	40	0.00	0.51	0.51	0.32	60.4817	56.1013	1	0	0	1	1	0	12345678---C	330	3	50	50	0	0	14:51:04	09.10.2014	130	1	1	130	1	1	1	1656340	Мулянка	1	Ч2	45	40		2	4581	777	100	400	6000	0	1100	1	40	0	0	0	0
37.861	131	38	38	62	60	-0.0100	40	0.00	0.51	0.51	0.32	60.4818	56.1014	1	0	0	1	1	0	12345678---C	335	3	50	50	0	0	14:51:05	09.10.2014	131	1	1	131	1	1	1	1656345	Мулянка	1	Ч2	40	35		2	4581	777	100	400	6000	0	1100	1	40	0	0	0	0
37.843	132	38	38	62	60	-0.0200	40	0.00	0.51	0.51	0.32	60.4819	56.1015	1	0	0	1	1	0	12345678---C	341	3	50	50	0	0	14:51:05	09.10.2014	132	1	1	132	0	1	1	1656351	Мулянка	1	Ч2	34	29		2	4581	777	100	400	6000	0	1100	1	40	0	0	0	0
37.807	133	38	38	61	60	-0.0190	40	0.00	0.51	0.51	0.32	60.4820	56.1016	1	0	0	1	1	0	12345678---C	346	3	50	50	0	0	14:51:06	09.10.2014	133	1	1	133	0	1	1	1656356	Мулянка	1	Ч2	29	24		2	4581	777	100	400	6000	0	1100	1	40	0	0	0	0
37.773	134	38	38	61	60	-0.0181	40	0.00	0.51	0.51	0.32	60.4821	56.1017	1	0	0	1	1	0	12345678---C	351	3	50	50	0	0	14:51:06	09.10.2014	134	1	1	134	0	1	1	1656361	Мулянка	1	Ч2	24	19		2	4581	777	100	400	6000	0	1100	1	40	0	0	0	0
37.740	135	38	38	60	60	-0.0300	40	0.00	0.51	0.51	0.32	60.4822	56.1018	1	0	0	1	1	0	12345678---C	356	3	50	50	0	0	14:51:07	09.10.2014	135	1	1	135	0	1	1	1656366	Мулянка	1	Ч2	19	14		2	4581	777	100	400	6000	0	1100	1	40	0	0	0	0
37.686	136	38	38	60	60	-0.0200	40	0.00	0.51	0.51	0.32	60.4823	56.1019	1	0	0	1	1	0	12345678---C	362	3	50	50	0	0	14:51:07	09.10.2014	136	1	1	136	0	1	1	1656372	Мулянка	1	Ч2	13	8		2	4581	777	100	400	6000	0	1100	1	40	0	0	0	0
37.650	137	38	38	60	0	0.0100	40	0.00	0.51	0.51	0.32	60.4824	56.1020	1	0	0	1	1	0	12345678---C	367	2	50	50	0	0	14:51:08	09.10.2014	137	1	1	137	1	1	1	1656377	 	1	6	850	862		2	4581	777	100	400	6000	0	1100	1	40	0	0	0	0
37.668	138	38	38	59	0	0.0200	40	0.00	0.51	0.51	0.32	60.4825	56.1021	1	0	0	1	1	0	12345678---C	372	2	50	50	0	0	14:51:08	09.10.2014	138	1	1	138	1	1	1	1656382	 	1	6	845	857		2	4581	777	100	400	6000	0	1100	1	40	0	0	0	0
37.704	139	38	38	59	0	0.0300	40	0.00	0.51	0.51	0.32	60.4826	56.1022	1	0	0	1	1	0	12345678---C	377	2	50	50	0	0	14:51:09	09.10.2014	139	1	1	139	1	1	1	1656387	 	1	6	840	852		2	4581	777	100	400	6000	0	1100	1	40	0	0	0	0
37.758	140	38	38	58	0	0.0285	40	0.00	0.51	0.51	0.32	60.4827	56.1023	1	0	0	1	1	0	12345678---C	383	2	50	50	0	0	14:51:09	09.10.2014	140	1	1	140	1	1	1	1656393	 	1	6	834	846		2	4581	777	100	400	6000	0	1100	1	40	0	0	0	0
37.810	141	38	38	58	0	0.0271	40	0.00	0.51	0.51	0.32	60.4828	56.1024	1	0	0	1	1	0	12345678---C	388	2	50	50	0	0	14:51:10	09.10.2014	141	1	1	141	0	1	1	1656398	 	1	6	829	841		2	4581	777	100	400	6000	0	1100	1	40	0	0	0	0
37.858	142	38	38	57	0	0.0257	40	0.00	0.51	0.51	0.32	60.4829	56.1025	1	0	0	1	1	0	12345678---C	393	2	50	50	0	0	14:51:10	09.10.2014	142	1	1	142	0	1	1	1656403	 	1	6	824	836		2	4581	777	100	400	6000	0	1100	1	40	0	0	0	0
37.905	143	38	38	56	0	0.0400	40	0.00	0.51	0.51	0.32	60.4830	56.1026	1	0	0	1	1	0	12345678---C	398	2	50	50	0	0	14:51:11	09.10.2014	143	1	1	143	0	1	1	1656408	 	1	6	819	831		2	4581	777	100	400	6000	0	1100	1	40	0	0	0	0
37.977	144	38	38	56	0	0.0380	40	0.00	0.51	0.51	0.32	60.4831	56.1027	1	0	0	1	1	0	12345678---C	404	2	50	50	0	0	14:51:11	09.10.2014	144	1	1	144	0	1	1	1656414	 	1	6	813	825		2	4581	777	100	400	6000	0	1100	1	40	0	0	0	0
38.045	145	38	38	55	0	0.0500	40	0.00	0.51	0.51	0.32	60.4832	56.1028	1	0	0	1	1	0	12345678---C	409	2	50	50	0	0	14:51:12	09.10.2014	145	1	1	145	0	1	1	1656419	 	1	6	808	820		2	4581	777	100	400	6000	0	1100	1	40	0	0	0	0
38.135	146	38	38	55	0	0.0200	40	0.00	0.51	0.51	0.32	60.4833	56.1029	1	0	0	1	1	0	12345678---C	414	2	50	50	0	0	14:51:12	09.10.2014	146	1	1	146	0	1	1	1656424	 	1	6	803	815		2	4581	777	100	400	6000	0	1100	1	40	0	0	0	0
38.171	147	38	38	54	0	0.0190	40	0.00	0.51	0.51	0.32	60.4834	56.1030	1	0	0	1	1	0	12345678---C	419	2	50	50	0	0	14:51:13	09.10.2014	147	1	1	147	0	1	1	1656429	 	1	6	797	809		2	4581	777	100	400	6000	0	1100	1	40	0	0	0	0
38.205	148	38	38	54	0	0.0100	40	0.00	0.51	0.51	0.32	60.4835	56.1031	1	0	0	1	1	0	12345678---C	425	2	50	50	0	0	14:51:13	09.10.2014	148	1	1	148	0	1	1	1656435	 	1	6	792	804		2	4581	777	100	400	6000	0	1100	1	40	0	0	0	0
38.223	149	38	38	53	0	0.0095	40	0.00	0.51	0.51	0.32	60.4836	56.1032	1	0	0	1	1	0	12345678---C	430	2	50	50	0	0	14:51:14	09.10.2014	149	1	1	149	0	1	1	1656440	 	1	6	787	799		2	4581	777	100	400	6000	0	1100	1	40	0	0	0	0
38.240	150	38	38	52	0	0.0100	40	0.00	0.51	0.51	0.32	60.4837	56.1033	1	0	0	1	1	0	12345678---C	435	2	50	50	0	0	14:51:14	09.10.2014	150	1	1	150	0	1	1	1656445	 	1	6	781	793		2	4581	777	100	400	6000	0	1100	1	40	0	0	0	0
38.258	151	38	38	52	0	0.0095	40	0.00	0.51	0.51	0.32	60.4838	56.1034	1	0	0	1	1	0	12345678---C	441	2	50	50	0	0	14:51:15	09.10.2014	151	1	1	151	0	1	1	1656451	 	1	6	776	788		2	4581	777	100	400	6000	0	1100	1	40	0	0	0	0
38.276	152	38	38	60	60	0.0090	40	0.00	0.51	0.51	0.32	60.4839	56.1035	1	0	0	1	1	0	12345678---C	446	3	50	50	0	0	14:51:15	09.10.2014	152	1	1	152	0	1	1	1656456	 	1	6	771	783		2	4581	777	100	400	6000	0	1100	1	40	0	0	0	0
38.292	153	38	38	60	60	0.0086	40	0.00	0.51	0.51	0.32	60.4840	56.1036	1	0	0	1	1	0	12345678---C	451	3	50	50	0	0	14:51:16	09.10.2014	153	1	1	153	0	1	1	1656461	 	1	6	765	777		2	4581	777	100	400	6000	0	1100	1	40	0	0	0	0
38.307	154	38	38	60	60	0.3200	40	0.00	0.51	0.51	0.32	60.4841	56.1037	1	0	0	1	1	0	12345678---C	457	3	50	50	0	0	14:51:16	09.10.2014	154	1	1	154	0	1	1	1656467	 	1	6	760	772		2	4581	777	100	400	6000	0	1100	1	40	0	0	0	0
38.883	155	39	39	60	60	0.3700	40	0.00	0.51	0.51	0.32	60.4842	56.1038	1	0	0	1	1	0	12345678---C	462	3	50	50	0	0	14:51:17	09.10.2014	155	1	1	155	0	1	1	1656472	 	1	6	755	767		2	4581	777	100	400	6000	0	1100	1	40	0	0	0	0
39.549	156	40	40	60	60	0.3900	40	0.00	0.51	0.51	0.32	60.4843	56.1039	1	0	0	1	1	0	12345678---C	468	3	50	50	0	0	14:51:17	09.10.2014	156	1	1	156	0	1	1	1656478	 	1	6	749	761		2	4581	777	100	400	6000	0	1100	1	40	0	0	0	0
40.251	157	40	40	60	60	0.4100	40	0.00	0.51	0.51	0.32	60.4844	56.1040	1	0	0	1	1	0	12345678---C	473	3	50	50	0	0	14:51:18	09.10.2014	157	1	1	157	0	1	1	1656483	 	1	6	744	756		2	4581	777	100	400	6000	0	1100	1	40	0	0	0	0
40.989	158	41	41	60	60	0.4100	40	0.00	0.51	0.51	0.32	60.4845	56.1041	1	0	0	1	1	0	12345678---C	479	3	50	50	0	0	14:51:18	09.10.2014	158	1	1	158	0	1	1	1656489	 	1	6	738	750		2	4581	777	100	400	6000	0	1100	1	40	0	0	0	0
41.727	159	42	42	60	60	0.4200	40	0.00	0.51	0.51	0.32	60.4846	56.1042	1	0	0	1	1	0	12345678---C	485	3	50	50	0	0	14:51:19	09.10.2014	159	1	1	159	0	1	1	1656495	 	1	6	732	744		2	4581	777	100	400	6000	0	1100	1	40	0	0	0	0
42.483	160	42	42	60	60	0.4100	40	0.00	0.51	0.51	0.32	60.4847	56.1043	1	0	0	1	1	0	12345678---C	491	3	50	50	0	0	14:51:19	09.10.2014	160	1	1	160	0	1	1	1656501	 	1	6	726	738		2	4581	777	100	400	6000	0	1100	1	40	0	0	0	0
43.221	161	43	43	60	60	0.4100	40	0.00	0.51	0.51	0.32	60.4848	56.1044	1	0	0	1	1	0	12345678---C	497	3	50	50	0	0	14:51:20	09.10.2014	161	1	1	161	0	1	1	1656507	 	1	6	720	732		2	4581	777	100	400	6000	0	1100	1	40	0	0	0	0
43.959	162	44	44	60	60	0.4100	40	0.00	0.51	0.51	0.32	60.4849	56.1045	1	0	0	1	1	0	12345678---C	503	3	50	50	0	0	14:51:20	09.10.2014	162	1	1	162	0	1	1	1656513	 	1	6	714	726		2	4581	777	100	400	6000	0	1100	1	40	0	0	0	0
44.697	163	45	45	60	60	0.4000	40	0.00	0.51	0.51	0.32	60.4850	56.1046	1	0	0	1	1	0	12345678---C	509	3	50	50	0	0	14:51:21	09.10.2014	163	1	1	163	0	1	1	1656519	 	1	6	708	720		2	4581	777	100	400	6000	0	1100	1	40	0	0	0	0
45.417	164	45	45	60	60	0.4200	40	0.00	0.51	0.51	0.32	60.4851	56.1047	1	0	0	1	1	0	12345678---C	515	3	50	50	0	0	14:51:21	09.10.2014	164	1	1	164	0	1	1	1656525	 	1	6	702	714		2	4581	777	100	400	6000	0	1100	1	40	0	0	0	0
46.173	165	46	46	60	60	0.4100	40	0.00	0.51	0.51	0.32	60.4852	56.1048	1	0	0	1	1	0	12345678---C	522	3	50	50	0	0	14:51:22	09.10.2014	165	1	1	165	0	1	1	1656532	 	1	6	695	707		2	4581	777	100	400	6000	0	1100	1	40	0	0	0	0
46.911	166	47	47	60	60	0.4000	40	0.00	0.51	0.51	0.32	60.4853	56.1049	1	0	0	1	1	0	12345678---C	528	3	50	50	0	0	14:51:22	09.10.2014	166	1	1	166	0	1	1	1656538	 	1	6	689	701		2	4581	777	100	400	6000	0	1100	1	40	0	0	0	0
47.631	167	48	48	60	60	0.4100	40	0.00	0.51	0.51	0.32	60.4854	56.1050	1	0	0	1	1	0	12345678---C	535	3	50	50	0	0	14:51:23	09.10.2014	167	1	1	167	0	1	1	1656545	 	1	6	682	694		2	4581	777	100	400	6000	0	1100	1	40	0	0	0	0
48.369	168	48	48	60	60	0.4800	40	0.00	0.51	0.51	0.32	60.4855	56.1051	1	0	0	1	1	0	12345678---C	541	3	50	50	0	0	14:51:23	09.10.2014	168	1	1	168	0	1	1	1656551	 	1	6	675	687		2	4581	777	100	400	6000	0	1100	1	40	0	0	0	0
49.233	169	49	49	60	60	0.5200	40	0.00	0.51	0.51	0.32	60.4856	56.1052	1	0	0	1	1	0	12345678---C	548	3	50	50	0	0	14:51:24	09.10.2014	169	1	1	169	0	1	1	1656558	 	1	6	669	681		2	4581	777	100	400	6000	0	1100	1	40	0	0	0	0
50.169	170	50	50	60	60	0.5100	40	0.00	0.51	0.51	0.32	60.4857	56.1053	1	0	0	1	1	0	12345678---C	555	3	50	50	0	0	14:51:24	09.10.2014	170	1	1	170	0	1	1	1656565	 	1	6	662	674		2	4581	777	100	400	6000	0	1100	1	40	0	0	0	0
51.087	171	51	51	60	60	0.4800	40	0.00	0.51	0.51	0.32	60.4858	56.1054	1	0	0	1	1	0	12345678---C	562	3	50	50	0	0	14:51:25	09.10.2014	171	1	1	171	0	1	1	1656572	 	1	6	655	667		2	4581	777	100	400	6000	0	1100	1	40	0	0	0	0
51.951	172	52	52	60	60	0.4900	40	0.00	0.51	0.51	0.32	60.4859	56.1055	1	0	0	1	1	0	12345678---C	570	3	50	50	0	0	14:51:25	09.10.2014	172	1	1	172	0	1	1	1656580	 	1	6	647	659		2	4581	777	100	400	6000	0	1100	1	40	0	0	0	0
52.833	173	53	53	60	60	0.5000	40	0.00	0.51	0.51	0.32	60.4860	56.1056	1	0	0	1	1	0	12345678---C	577	3	50	50	0	0	14:51:26	09.10.2014	173	1	1	173	0	1	1	1656587	 	1	6	640	652		2	4581	777	100	400	6000	0	1100	1	40	0	0	0	0
53.733	174	54	54	60	60	0.4900	40	0.00	0.51	0.51	0.32	60.4861	56.1057	1	0	0	1	1	0	12345678---C	584	3	50	50	0	0	14:51:26	09.10.2014	174	1	1	174	0	1	1	1656594	 	1	6	632	644		2	4581	777	100	400	6000	0	1100	1	40	0	0	0	0
54.615	175	55	55	60	60	0.4655	40	0.00	0.51	0.51	0.32	60.4862	56.1058	1	0	0	1	1	0	12345678---C	592	3	50	50	0	0	14:51:27	09.10.2014	175	1	1	175	0	1	1	1656602	 	1	6	625	637		2	4581	777	100	400	6000	0	1100	1	40	0	0	0	0
55.453	176	55	55	60	60	0.4422	40	0.00	0.51	0.51	0.32	60.4863	56.1059	1	0	0	1	1	0	12345678---C	600	3	50	50	0	0	14:51:27	09.10.2014	176	1	1	176	0	1	1	1656610	 	1	6	617	629		2	4581	777	100	400	6000	0	1100	1	40	0	0	0	0
56.249	177	56	56	60	60	0.4201	40	0.00	0.51	0.51	0.32	60.4864	56.1060	1	0	0	1	1	0	12345678---C	607	3	50	50	0	0	14:51:28	09.10.2014	177	1	1	177	0	1	1	1656617	 	1	6	609	621		2	4581	777	100	400	6000	0	1100	1	40	0	0	0	0
57.005	178	57	57	80	80	0.3991	40	0.00	0.51	0.51	0.32	60.4865	56.1061	1	0	0	1	1	0	12345678---C	615	4	50	50	0	0	14:51:28	09.10.2014	178	1	1	178	0	1	1	1656625	 	1	6	601	613		2	4581	777	100	400	6000	0	1100	1	40	0	0	0	0
57.724	179	58	58	80	80	0.3792	40	0.00	0.51	0.51	0.32	60.4866	56.1062	1	0	0	1	1	0	12345678---C	623	4	50	50	0	0	14:51:29	09.10.2014	179	1	1	179	0	1	1	1656633	 	1	6	593	605		2	4581	777	100	400	6000	0	1100	1	40	0	0	0	0
58.406	180	58	58	80	80	0.3700	40	0.00	0.51	0.51	0.32	60.4867	56.1063	1	0	0	1	1	0	12345678---C	631	4	50	50	0	0	14:51:29	09.10.2014	180	1	1	180	0	1	1	1656641	 	1	6	585	597		2	4581	777	100	400	6000	0	1100	1	40	0	0	0	0
59.072	181	59	59	80	80	0.3800	40	0.00	0.51	0.51	0.32	60.4868	56.1064	1	0	0	1	1	0	12345678---C	640	4	50	50	0	0	14:51:30	09.10.2014	181	1	1	181	0	1	1	1656650	 	1	6	577	589		2	4581	777	100	400	6000	0	1100	1	40	0	0	0	0
59.756	182	60	60	80	80	0.3700	40	0.00	0.51	0.51	0.32	60.4869	56.1065	1	0	0	1	1	0	12345678---C	648	4	50	50	0	0	14:51:30	09.10.2014	182	1	1	182	0	1	1	1656658	 	1	6	569	581		2	4581	777	100	400	6000	0	1100	1	40	0	0	0	0
60.422	183	60	60	80	80	0.3500	40	0.00	0.51	0.51	0.32	60.4870	56.1066	1	0	0	1	1	0	12345678---C	656	4	50	50	0	0	14:51:31	09.10.2014	183	1	1	183	0	1	1	1656666	 	1	6	560	572		2	4581	777	100	400	6000	0	1100	1	40	0	0	0	0
61.052	184	61	61	80	80	0.3600	40	0.00	0.51	0.51	0.32	60.4871	56.1067	1	0	0	1	1	0	12345678---C	665	4	50	50	0	0	14:51:31	09.10.2014	184	1	1	184	0	1	1	1656675	 	1	6	552	564		2	4581	777	100	400	6000	0	1100	1	40	0	0	0	0
61.700	185	62	62	80	80	0.3400	40	0.00	0.51	0.51	0.32	60.4872	56.1068	1	0	0	1	1	0	12345678---C	673	4	50	50	0	0	14:51:32	09.10.2014	185	1	1	185	0	1	1	1656683	 	1	6	543	555		2	4581	777	100	400	6000	0	1100	1	40	0	0	0	0
62.312	186	62	62	80	80	0.3500	40	0.00	0.51	0.51	0.32	60.4873	56.1069	1	0	0	1	1	0	12345678---C	682	4	50	50	0	0	14:51:32	09.10.2014	186	1	1	186	0	1	1	1656692	 	1	6	535	547		2	4581	777	100	400	6000	0	1100	1	40	0	0	0	0
62.942	187	63	63	80	80	0.3400	40	0.00	0.51	0.51	0.32	60.4874	56.1070	1	0	0	1	1	0	12345678---C	691	4	50	50	0	0	14:51:33	09.10.2014	187	1	1	187	0	1	1	1656701	 	1	6	526	538		2	4581	777	100	400	6000	0	1100	1	40	0	0	0	0
63.554	188	64	64	80	80	0.3230	40	0.00	0.51	0.51	0.32	60.4875	56.1071	1	0	0	1	1	0	12345678---C	700	4	50	50	0	0	14:51:33	09.10.2014	188	1	1	188	0	1	1	1656710	 	1	6	517	529		2	4581	777	100	400	6000	0	1100	1	40	0	0	0	0
64.136	189	64	64	80	80	0.3069	40	0.00	0.51	0.51	0.32	60.4876	56.1072	1	0	0	1	1	0	12345678---C	709	4	50	50	0	0	14:51:34	09.10.2014	189	1	1	189	0	1	1	1656719	 	1	6	508	520		2	4581	777	100	400	6000	0	1100	1	40	0	0	0	0
64.688	190	65	65	80	80	0.2915	40	0.00	0.51	0.51	0.32	60.4877	56.1073	1	0	0	1	1	0	12345678---C	718	4	50	50	0	0	14:51:34	09.10.2014	190	1	1	190	0	1	1	1656728	 	1	6	499	511		2	4581	777	100	400	6000	0	1100	1	40	0	0	0	0
65.213	191	65	65	80	80	0.2769	40	0.00	0.51	0.51	0.32	60.4878	56.1074	1	0	0	1	1	0	12345678---C	727	4	50	50	0	0	14:51:35	09.10.2014	191	1	1	191	0	1	1	1656737	 	1	6	490	502		2	4581	777	100	400	6000	0	1100	1	40	0	0	0	0
65.711	192	66	66	80	80	0.2500	40	0.00	0.51	0.51	0.32	60.4879	56.1075	1	0	0	1	1	0	12345678---C	736	4	50	50	0	0	14:51:35	09.10.2014	192	1	1	192	0	1	1	1656746	 	1	6	481	493		2	4581	777	100	400	6000	0	1100	1	40	0	0	0	0
66.161	193	66	66	80	80	0.2600	40	0.00	0.51	0.51	0.32	60.4880	56.1076	1	0	0	1	1	0	12345678---C	745	4	50	50	0	0	14:51:36	09.10.2014	193	1	1	193	0	1	1	1656755	 	1	6	472	484		2	4581	777	100	400	6000	0	1100	1	40	0	0	0	0
66.629	194	67	67	80	80	0.2500	40	0.00	0.51	0.51	0.32	60.4881	56.1077	1	0	0	1	1	0	12345678---C	754	4	50	50	0	0	14:51:36	09.10.2014	194	1	1	194	0	1	1	1656764	 	1	6	463	475		2	4581	777	100	400	6000	0	1100	1	40	0	0	0	0
67.079	195	67	67	80	80	0.2500	40	0.00	0.51	0.51	0.32	60.4882	56.1078	1	0	0	1	1	0	12345678---C	763	4	50	50	0	0	14:51:37	09.10.2014	195	1	1	195	0	1	1	1656773	 	1	6	453	465		2	4581	777	100	400	6000	0	1100	1	40	0	0	0	0
67.529	196	68	68	80	80	0.2400	40	0.00	0.51	0.51	0.32	60.4883	56.1079	1	0	0	1	1	0	12345678---C	773	4	50	50	0	0	14:51:37	09.10.2014	196	1	1	196	0	1	1	1656783	 	1	6	444	456		2	4581	777	100	400	6000	0	1100	1	40	0	0	0	0
67.961	197	68	68	80	80	0.2280	40	0.00	0.51	0.51	0.32	60.4884	56.1080	1	0	0	1	1	0	12345678---C	782	4	50	50	0	0	14:51:38	09.10.2014	197	1	1	197	0	1	1	1656792	 	1	6	435	447		2	4581	777	100	400	6000	0	1100	1	40	0	0	0	0
68.372	198	68	68	80	80	0.2166	40	0.00	0.51	0.51	0.32	60.4885	56.1081	1	0	0	1	1	0	12345678---C	792	4	50	50	0	0	14:51:38	09.10.2014	198	1	1	198	0	1	1	1656802	 	1	6	425	437		2	4581	777	100	400	6000	0	1100	1	40	0	0	0	0
68.761	199	69	69	80	80	0.2058	40	0.00	0.51	0.51	0.32	60.4886	56.1082	1	0	0	1	1	0	12345678---C	801	4	50	50	0	0	14:51:39	09.10.2014	199	1	1	199	0	1	1	1656811	 	1	6	415	427		2	4581	777	100	400	6000	0	1100	1	40	0	0	0	0
69.132	200	69	69	80	80	0.1955	40	0.00	0.51	0.51	0.32	60.4887	56.1083	1	0	0	1	1	0	12345678---C	811	4	50	50	0	0	14:51:39	09.10.2014	200	1	1	200	0	1	1	1656821	 	1	6	406	418		2	4581	777	100	400	6000	0	1100	1	40	0	0	0	0
69.484	201	69	69	80	80	0.1900	40	0.00	0.51	0.51	0.32	60.4888	56.1084	1	0	0	1	1	0	12345678---C	821	4	50	50	0	0	14:51:40	09.10.2014	201	1	1	201	0	1	1	1656831	 	1	6	396	408		2	4581	777	100	400	6000	0	1100	1	40	0	0	0	0
69.826	202	70	70	80	80	0.1900	40	0.00	0.51	0.51	0.32	60.4889	56.1085	1	0	0	1	1	0	12345678---C	830	4	50	50	0	0	14:51:40	09.10.2014	202	1	1	202	0	1	1	1656840	 	1	6	387	399		2	4581	777	100	400	6000	0	1100	1	40	0	0	0	0
70.168	203	70	70	80	80	0.2100	40	0.00	0.51	0.51	0.32	60.4890	56.1086	1	0	0	1	1	0	12345678---C	840	4	50	50	0	0	14:51:41	09.10.2014	203	1	1	203	0	1	1	1656850	 	1	6	377	389		2	4581	777	100	400	6000	0	1100	1	40	0	0	0	0
70.546	204	71	71	80	80	0.2000	40	0.00	0.51	0.51	0.32	60.4891	56.1087	1	0	0	1	1	0	12345678---C	850	4	50	50	0	0	14:51:41	09.10.2014	204	1	1	204	0	1	1	1656860	 	1	6	367	379		2	4581	777	100	400	6000	0	1100	1	40	0	0	0	0
70.906	205	71	71	80	80	0.2100	40	0.00	0.51	0.51	0.32	60.4892	56.1088	1	0	0	1	1	0	12345678---C	860	4	50	50	0	0	14:51:42	09.10.2014	205	1	1	205	0	1	1	1656870	 	1	6	357	369		2	4581	777	100	400	6000	0	1100	1	40	0	0	0	0
71.284	206	71	71	80	80	0.1900	40	0.00	0.51	0.51	0.32	60.4893	56.1089	1	0	0	1	1	0	12345678---C	870	4	50	50	0	0	14:51:42	09.10.2014	206	1	1	206	0	1	1	1656880	 	1	6	347	359		2	4581	777	100	400	6000	0	1100	1	40	0	0	0	0
71.626	207	72	72	80	80	0.2000	40	0.00	0.51	0.51	0.32	60.4894	56.1090	1	0	0	1	1	0	12345678---C	880	4	50	50	0	0	14:51:43	09.10.2014	207	1	1	207	1	1	1	1656890	 	1	6	337	349		2	4581	777	100	400	6000	0	1100	1	40	0	0	0	0
71.986	208	72	72	80	80	0.2100	40	0.00	0.51	0.51	0.32	60.4895	56.1091	1	0	0	1	1	0	12345678---C	890	4	50	50	0	0	14:51:43	09.10.2014	208	1	1	208	1	1	1	1656900	 	1	6	327	339		2	4581	777	100	400	6000	0	1100	1	40	0	0	0	0
72.364	209	72	72	80	80	0.2000	40	0.00	0.51	0.51	0.32	60.4896	56.1092	1	0	0	1	1	0	12345678---C	900	4	50	50	0	0	14:51:44	09.10.2014	209	1	1	209	1	1	1	1656910	 	1	6	317	329		2	4581	777	100	400	6000	0	1100	1	40	0	0	0	0
72.724	210	73	73	80	80	0.2000	40	0.00	0.51	0.51	0.32	60.4897	56.1093	1	0	0	1	1	0	12345678---C	910	4	50	50	0	0	14:51:44	09.10.2014	210	1	1	210	1	1	1	1656920	 	1	6	307	319		2	4581	777	100	400	6000	0	1100	1	40	0	0	0	0
73.084	211	73	73	80	80	0.1900	40	0.00	0.51	0.51	0.32	60.4898	56.1094	1	0	0	1	1	0	12345678---C	920	4	50	50	0	0	14:51:45	09.10.2014	211	1	1	211	1	1	1	1656930	 	1	6	297	309		2	4581	777	100	400	6000	0	1100	1	40	0	0	0	0
73.426	212	73	73	80	80	0.2000	40	0.00	0.51	0.51	0.32	60.4899	56.1095	1	0	0	1	1	0	12345678---C	930	4	50	50	0	0	14:51:45	09.10.2014	212	1	1	212	1	1	1	1656940	 	1	6	287	299		2	4581	777	100	400	6000	0	1100	1	40	0	0	0	0
73.786	213	74	74	80	80	0.1900	40	0.00	0.51	0.51	0.32	60.4900	56.1096	1	0	0	1	1	0	12345678---C	940	4	50	50	0	0	14:51:46	09.10.2014	213	1	1	213	1	1	1	1656950	 	1	6	277	289		2	4581	777	100	400	6000	0	1100	1	40	0	0	0	0
74.128	214	74	74	80	80	0.1805	40	0.00	0.51	0.51	0.32	60.4901	56.1097	1	0	0	1	1	0	12345678---C	951	4	50	50	0	0	14:51:46	09.10.2014	214	1	1	214	1	1	1	1656961	 	1	6	266	278		2	4581	777	100	400	6000	0	1100	1	40	0	0	0	0
74.453	215	74	74	80	80	0.1715	40	0.00	0.51	0.51	0.32	60.4902	56.1098	1	0	0	1	1	0	12345678---C	961	4	50	50	0	0	14:51:47	09.10.2014	215	1	1	215	0	1	1	1656971	 	1	6	256	268		2	4581	777	100	400	6000	0	1100	1	40	0	0	0	0
74.761	216	75	75	80	80	0.1629	40	0.00	0.51	0.51	0.32	60.4903	56.1099	1	0	0	1	1	0	12345678---C	971	4	50	50	0	0	14:51:47	09.10.2014	216	1	1	216	0	1	1	1656981	 	1	6	246	258		2	4581	777	100	400	6000	0	1100	1	40	0	0	0	0
75.054	217	75	75	80	80	0.1548	40	0.00	0.51	0.51	0.32	60.4904	56.1100	1	0	0	1	1	0	12345678---C	982	4	50	50	0	0	14:51:48	09.10.2014	217	1	1	217	0	1	1	1656992	 	1	6	235	247		2	4581	777	100	400	6000	0	1100	1	40	0	0	0	0
75.333	218	75	75	80	80	0.1470	40	0.00	0.51	0.51	0.32	60.4905	56.1101	1	0	0	1	1	0	12345678---C	992	4	50	50	0	0	14:51:48	09.10.2014	218	1	1	218	0	1	1	1657002	 	1	6	225	237		2	4581	777	100	400	6000	0	1100	1	40	0	0	0	0
75.598	219	76	76	80	80	0.1397	40	0.00	0.51	0.51	0.32	60.4906	56.1102	1	0	0	1	1	0	12345678---C	1003	4	50	50	0	0	14:51:49	09.10.2014	219	1	1	219	0	1	1	1657013	 	1	6	214	226		2	4581	777	100	400	6000	0	1100	1	40	0	0	0	0
75.849	220	76	76	80	80	0.1327	40	0.00	0.51	0.51	0.32	60.4907	56.1103	1	0	0	1	1	0	12345678---C	1013	4	50	50	0	0	14:51:49	09.10.2014	220	1	1	220	0	1	1	1657023	 	1	6	204	216		2	4581	777	100	400	6000	0	1100	1	40	0	0	0	0
76.088	221	76	76	80	80	0.1000	40	0.00	0.51	0.51	0.32	60.4908	56.1104	1	0	0	1	1	0	12345678---C	1024	4	50	50	0	0	14:51:50	09.10.2014	221	1	1	221	0	1	1	1657034	 	1	6	193	205		2	4581	777	100	400	6000	0	1100	1	40	0	0	0	0
76.268	222	76	76	80	80	0.0800	40	0.00	0.51	0.51	0.32	60.4909	56.1105	1	0	0	1	1	0	12345678---C	1034	4	50	50	0	0	14:51:50	09.10.2014	222	1	1	222	0	1	1	1657044	 	1	6	182	194		2	4581	777	100	400	6000	0	1100	1	40	0	0	0	0
76.412	223	76	76	80	80	0.0600	40	0.00	0.51	0.51	0.32	60.4910	56.1106	1	0	0	1	1	0	12345678---C	1045	4	50	50	0	0	14:51:51	09.10.2014	223	1	1	223	0	1	1	1657055	 	1	6	172	184		2	4581	777	100	400	6000	0	1100	1	40	0	0	0	0
76.520	224	77	77	80	80	0.0570	40	0.00	0.51	0.51	0.32	60.4911	56.1107	1	0	0	1	1	0	12345678---C	1056	4	50	50	0	0	14:51:51	09.10.2014	224	1	1	224	0	1	1	1657066	 	1	6	161	173		2	4581	777	100	400	6000	0	1100	1	40	0	0	0	0
76.622	225	77	77	80	80	0.0542	40	0.00	0.51	0.51	0.32	60.4912	56.1108	1	0	0	1	1	0	12345678---C	1066	4	50	50	0	0	14:51:52	09.10.2014	225	1	1	225	0	1	1	1657076	 	1	6	151	163		2	4581	777	100	400	6000	0	1100	1	40	0	0	0	0
76.720	226	77	77	80	80	0.0514	40	0.00	0.51	0.51	0.32	60.4913	56.1109	1	0	0	1	1	0	12345678---C	1077	4	50	50	0	0	14:51:52	09.10.2014	226	1	1	226	0	1	1	1657087	 	1	6	140	152		2	4581	777	100	400	6000	0	1100	1	40	0	0	0	0
76.813	227	77	77	80	80	0.0489	40	0.00	0.51	0.51	0.32	60.4914	56.1110	1	0	0	1	1	0	12345678---C	1088	4	50	50	0	0	14:51:53	09.10.2014	227	1	1	227	0	1	1	1657098	 	1	6	129	141		2	4581	777	100	400	6000	0	1100	1	40	0	0	0	0
76.900	228	77	77	80	80	0.0464	40	0.00	0.51	0.51	0.32	60.4915	56.1111	1	0	0	1	1	0	12345678---C	1098	4	50	50	0	0	14:51:53	09.10.2014	228	1	1	228	0	1	1	1657108	 	1	6	119	131		2	4581	777	100	400	6000	0	1100	1	40	0	0	0	0
76.984	229	77	77	80	80	0.0441	40	0.00	0.51	0.51	0.32	60.4916	56.1112	1	0	0	1	1	0	12345678---C	1109	4	50	50	0	0	14:51:54	09.10.2014	229	1	1	229	0	1	1	1657119	 	1	6	108	120		2	4581	777	100	400	6000	0	1100	1	40	0	0	0	0
77.063	230	77	77	80	80	0.0419	40	0.00	0.51	0.51	0.32	60.4917	56.1113	1	0	0	1	1	0	12345678---C	1120	4	50	50	0	0	14:51:54	09.10.2014	230	1	1	230	0	1	1	1657130	 	1	6	97	109		2	4581	777	100	400	6000	0	1100	1	40	0	0	0	0
77.139	231	77	77	80	80	0.0398	40	0.00	0.51	0.51	0.32	60.4918	56.1114	1	0	0	1	1	0	12345678---C	1130	4	50	50	0	0	14:51:55	09.10.2014	231	1	1	231	0	1	1	1657140	 	1	6	86	98		2	4581	777	100	400	6000	0	1100	1	40	0	0	0	0
77.211	232	77	77	80	80	0.0378	40	0.00	0.51	0.51	0.32	60.4919	56.1115	1	0	0	1	1	0	12345678---C	1141	4	50	50	0	0	14:51:55	09.10.2014	232	1	1	232	0	1	1	1657151	 	1	6	76	88		2	4581	777	100	400	6000	0	1100	1	40	0	0	0	0
77.279	233	77	77	80	80	0.0359	40	0.00	0.51	0.51	0.32	60.4920	56.1116	1	0	0	1	1	0	12345678---C	1152	4	50	50	0	0	14:51:56	09.10.2014	233	1	1	233	0	1	1	1657162	 	1	6	65	77		2	4581	777	100	400	6000	0	1100	1	40	0	0	0	0
77.343	234	77	77	80	80	0.0341	40	0.00	0.51	0.51	0.32	60.4921	56.1117	1	0	0	1	1	0	12345678---C	1163	4	50	50	0	0	14:51:56	09.10.2014	234	1	1	234	0	1	1	1657173	 	1	6	54	66		2	4581	777	100	400	6000	0	1100	1	40	0	0	0	0
77.405	235	77	77	80	80	0.0324	40	0.00	0.51	0.51	0.32	60.4922	56.1118	1	0	0	1	1	0	12345678---C	1173	4	50	50	0	0	14:51:57	09.10.2014	235	1	1	235	0	1	1	1657183	 	1	6	43	55		2	4581	777	100	400	6000	0	1100	1	40	0	0	0	0
77.463	236	77	77	80	80	0.0308	40	0.00	0.51	0.51	0.32	60.4923	56.1119	1	0	0	1	1	0	12345678---C	1184	4	50	50	0	0	14:51:57	09.10.2014	236	1	1	236	0	1	1	1657194	 	1	6	33	45		2	4581	777	100	400	6000	0	1100	1	40	0	0	0	0
77.518	237	78	78	80	80	0.0293	40	0.00	0.51	0.51	0.32	60.4924	56.1120	1	0	0	1	1	0	12345678---C	1195	4	50	50	0	0	14:51:58	09.10.2014	237	1	1	237	0	1	1	1657205	 	1	6	22	34		2	4581	777	100	400	6000	0	1100	1	40	0	0	0	0
77.571	238	78	78	80	80	0.0278	40	0.00	0.51	0.51	0.32	60.4925	56.1121	1	0	0	1	1	0	12345678---C	1206	4	50	50	0	0	14:51:58	09.10.2014	238	1	1	238	0	1	1	1657216	 	1	6	11	23		2	4581	777	100	400	6000	0	1100	1	40	0	0	0	0
77.621	239	78	78	80	80	0.0264	40	0.00	0.51	0.51	0.32	60.4926	56.1122	1	0	0	1	1	0	12345678---C	1216	4	50	50	0	0	14:51:59	09.10.2014	239	1	1	239	0	1	1	1657226	 	1	6	0	12		2	4581	777	100	400	6000	0	1100	1	40	0	0	0	0
77.669	240	78	78	80	60	0.0251	40	0.00	0.51	0.51	0.32	60.4927	56.1123	1	0	0	1	1	0	12345678---C	1227	3	50	50	0	0	14:51:59	09.10.2014	240	1	1	240	1	1	1	1657237	 	1	4	410	408		2	4581	777	100	400	6000	0	1100	1	40	0	0	0	0
77.714	241	78	78	80	60	0.0238	40	0.00	0.51	0.51	0.32	60.4928	56.1124	1	0	0	1	1	0	12345678---C	1238	3	50	50	0	0	14:52:00	09.10.2014	241	1	1	241	1	1	1	1657248	 	1	4	399	397		2	4581	777	100	400	6000	0	1100	1	40	0	0	0	0
77.757	242	78	78	79	60	0.0000	40	0.00	0.51	0.51	0.32	60.4929	56.1125	1	0	0	1	1	0	12345678---C	1249	3	50	50	0	0	14:52:00	09.10.2014	242	1	1	242	1	1	1	1657259	 	1	4	388	386		2	4581	777	100	400	6000	0	1100	1	40	0	0	0	0
77.757	243	78	78	79	60	0.0000	40	0.00	0.51	0.51	0.32	60.4930	56.1126	1	0	0	1	1	0	12345678---C	1260	3	50	50	0	0	14:52:01	09.10.2014	243	1	1	243	1	0	1	1657270	 	1	4	378	376		2	4581	777	100	400	6000	0	1100	1	40	0	0	0	0
77.757	244	78	78	78	60	0.0000	40	0.00	0.51	0.45	0.32	60.4931	56.1127	1	0	0	1	1	0	12345678---C	1270	3	50	50	0	0	14:52:01	09.10.2014	244	1	1	244	1	0	1	1657280	 	1	4	367	365		2	4581	777	100	400	6000	0	1100	1	40	0	0	0	0
77.757	245	78	78	78	60	-0.2800	40	0.11	0.48	0.45	0.32	60.4932	56.1128	1	0	0	1	1	0	12345678---C	1281	3	50	50	0	0	14:52:02	09.10.2014	245	1	1	245	0	0	1	1657291	 	1	4	356	354		2	4581	777	100	400	6000	0	1100	1	40	0	0	0	0
77.253	246	77	77	77	60	-0.2900	40	0.18	0.45	0.45	0.32	60.4933	56.1129	1	0	0	1	1	0	12345678---C	1292	3	50	50	0	0	14:52:02	09.10.2014	246	1	1	246	0	0	1	1657302	 	1	4	345	343		2	4581	777	100	400	6000	0	1100	1	40	0	0	0	0
76.731	247	77	77	77	60	-0.2700	40	0.18	0.45	0.45	0.32	60.4934	56.1130	1	0	0	1	1	0	12345678---C	1303	3	50	50	0	0	14:52:03	09.10.2014	247	1	1	247	0	0	1	1657313	 	1	4	335	333		2	4581	777	100	400	6000	0	1100	1	40	0	0	0	0
76.245	248	76	76	76	60	-0.2800	40	0.18	0.45	0.45	0.32	60.4935	56.1131	1	0	0	1	1	0	12345678---C	1313	3	50	50	0	0	14:52:03	09.10.2014	248	1	1	248	0	0	1	1657323	 	1	4	324	322		2	4581	777	100	400	6000	0	1100	1	40	0	0	0	0
75.741	249	76	76	76	60	-0.2900	40	0.18	0.45	0.45	0.32	60.4936	56.1132	1	0	0	1	1	0	12345678---C	1324	3	50	50	0	0	14:52:04	09.10.2014	249	1	1	249	0	0	1	1657334	 	1	4	314	312		2	4581	777	100	400	6000	0	1100	1	40	0	0	0	0
75.219	250	75	75	75	60	-0.2800	40	0.18	0.45	0.45	0.32	60.4937	56.1133	1	0	0	1	1	0	12345678---C	1334	3	50	50	0	0	14:52:04	09.10.2014	250	1	1	250	0	0	1	1657344	 	1	4	303	301		2	4581	777	100	400	6000	0	1100	1	40	0	0	0	0
74.715	251	75	75	75	60	-0.2700	40	0.18	0.45	0.45	0.32	60.4938	56.1134	1	0	0	1	1	0	12345678---C	1344	3	50	50	0	0	14:52:05	09.10.2014	251	1	1	251	0	0	1	1657354	 	1	4	293	291		2	4581	777	100	400	6000	0	1100	1	40	0	0	0	0
74.229	252	74	74	75	60	-0.2900	40	0.18	0.45	0.45	0.32	60.4939	56.1135	1	0	0	1	1	0	12345678---C	1355	3	50	50	0	0	14:52:05	09.10.2014	252	1	1	252	0	0	1	1657365	 	1	4	282	280		2	4581	777	100	400	6000	0	1100	1	40	0	0	0	0
73.707	253	74	74	74	60	-0.2800	40	0.18	0.45	0.45	0.32	60.4940	56.1136	1	0	0	1	1	0	12345678---C	1365	3	50	50	0	0	14:52:06	09.10.2014	253	1	1	253	0	0	1	1657375	 	1	4	272	270		2	4581	777	100	400	6000	0	1100	1	40	0	0	0	0
73.203	254	73	73	74	60	-0.2700	40	0.18	0.45	0.45	0.32	60.4941	56.1137	1	0	0	1	1	0	12345678---C	1375	3	50	50	0	0	14:52:06	09.10.2014	254	1	1	254	0	0	1	1657385	 	1	4	262	260		2	4581	777	100	400	6000	0	1100	1	40	0	0	0	0
72.717	255	73	73	73	60	-0.2900	40	0.18	0.45	0.45	0.32	60.4942	56.1138	1	0	0	1	1	0	12345678---C	1385	3	50	50	0	0	14:52:07	09.10.2014	255	1	1	255	0	0	1	1657395	 	1	4	252	250		2	4581	777	100	400	6000	0	1100	1	40	0	0	0	0
72.195	256	72	72	73	60	-0.2800	40	0.18	0.45	0.45	0.32	60.4943	56.1139	1	0	0	1	1	0	12345678---C	1395	3	50	50	0	0	14:52:07	09.10.2014	256	1	1	256	0	0	1	1657405	 	1	4	242	240		2	4581	777	100	400	6000	0	1100	1	40	0	0	0	0
71.691	257	72	72	72	60	-0.2900	40	0.18	0.45	0.45	0.32	60.4944	56.1140	1	0	0	1	1	0	12345678---C	1405	3	50	50	0	0	14:52:08	09.10.2014	257	1	1	257	0	0	1	1657415	 	1	4	232	230		2	4581	777	100	400	6000	0	1100	1	40	0	0	0	0
71.169	258	71	71	72	60	-0.3100	40	0.18	0.45	0.40	0.32	60.4945	56.1141	1	0	0	1	1	0	12345678---C	1415	3	50	50	0	0	14:52:08	09.10.2014	258	1	1	258	0	0	1	1657425	 	1	4	222	220		2	4581	777	100	400	6000	0	1100	1	40	0	0	0	0
70.611	259	71	71	71	60	-0.4000	40	0.18	0.43	0.40	0.32	60.4946	56.1142	1	0	0	1	1	0	12345678---C	1425	3	50	50	0	0	14:52:09	09.10.2014	259	1	1	259	0	0	1	1657435	 	1	4	212	210		2	4581	777	100	400	6000	0	1100	1	40	0	0	0	0
69.891	260	70	70	71	60	-0.4100	40	0.24	0.40	0.40	0.32	60.4947	56.1143	1	0	0	1	1	0	12345678---C	1435	3	50	50	0	0	14:52:09	09.10.2014	260	1	1	260	0	0	1	1657445	 	1	4	202	200		2	4581	777	100	400	6000	0	1100	1	40	0	0	0	0
69.153	261	69	69	70	60	-0.4710	40	0.35	0.40	0.40	0.32	60.4948	56.1144	1	0	0	1	1	0	12345678---C	1444	3	50	50	0	0	14:52:10	09.10.2014	261	1	1	261	0	0	1	1657454	 	1	4	193	191		2	4581	777	100	400	6000	0	1100	1	40	0	0	0	0
68.305	262	68	68	70	60	-0.4800	40	0.35	0.40	0.40	0.32	60.4949	56.1145	1	0	0	1	1	0	12345678---C	1454	3	50	50	0	0	14:52:10	09.10.2014	262	1	1	262	0	0	1	1657464	 	1	4	183	181		2	4581	777	100	400	6000	0	1100	1	40	0	0	0	0
67.441	263	67	67	70	60	-0.4700	40	0.35	0.40	0.40	0.32	60.4950	56.1146	1	0	0	1	1	0	12345678---C	1463	3	50	50	0	0	14:52:11	09.10.2014	263	1	1	263	0	0	1	1657473	 	1	4	174	172		2	4581	777	100	400	6000	0	1100	1	40	0	0	0	0
66.595	264	67	67	69	60	-0.4700	40	0.35	0.40	0.40	0.32	60.4951	56.1147	1	0	0	1	1	0	12345678---C	1472	3	50	50	0	0	14:52:11	09.10.2014	264	1	1	264	0	0	1	1657482	 	1	4	165	163		2	4581	777	100	400	6000	0	1100	1	40	0	0	0	0
65.749	265	66	66	69	60	-0.4700	40	0.35	0.40	0.40	0.32	60.4952	56.1148	1	0	0	1	1	0	12345678---C	1482	3	50	50	0	0	14:52:12	09.10.2014	265	1	1	265	0	0	1	1657492	 	1	4	156	154		2	4581	777	100	400	6000	0	1100	1	40	0	0	0	0
64.903	266	65	65	68	60	-0.4800	40	0.35	0.40	0.40	0.32	60.4953	56.1149	1	0	0	1	1	0	12345678---C	1491	3	50	50	0	0	14:52:12	09.10.2014	266	1	1	266	0	0	1	1657501	 	1	4	147	145		2	4581	777	100	400	6000	0	1100	1	40	0	0	0	0
64.039	267	64	64	68	60	-0.4900	40	0.35	0.40	0.40	0.32	60.4954	56.1150	1	0	0	1	1	0	12345678---C	1499	3	50	50	0	0	14:52:13	09.10.2014	267	1	1	267	0	0	1	1657509	 	1	4	138	136		2	4581	777	100	400	6000	0	1100	1	40	0	0	0	0
63.157	268	63	63	67	60	-0.4900	40	0.35	0.40	0.40	0.32	60.4955	56.1151	1	0	0	1	1	0	12345678---C	1508	3	50	50	0	0	14:52:13	09.10.2014	268	1	1	268	0	0	1	1657518	 	1	4	129	127		2	4581	777	100	400	6000	0	1100	1	40	0	0	0	0
62.275	269	62	62	67	60	-0.4900	40	0.35	0.40	0.40	0.32	60.4956	56.1152	1	0	0	1	1	0	12345678---C	1517	3	50	50	0	0	14:52:14	09.10.2014	269	1	1	269	0	0	1	1657527	 	1	4	120	118		2	4581	777	100	400	6000	0	1100	1	40	0	0	0	0
61.393	270	61	61	66	60	-0.4900	40	0.35	0.40	0.40	0.32	60.4957	56.1153	1	0	0	1	1	0	12345678---C	1525	3	50	50	0	0	14:52:14	09.10.2014	270	1	1	270	0	0	1	1657535	 	1	4	112	110		2	4581	777	100	400	6000	0	1100	1	40	0	0	0	0
60.511	271	61	61	66	60	-0.4655	40	0.35	0.40	0.40	0.32	60.4958	56.1154	1	0	0	1	1	0	12345678---C	1534	3	50	50	0	0	14:52:15	09.10.2014	271	1	1	271	0	0	1	1657544	 	1	4	103	101		2	4581	777	100	400	6000	0	1100	1	40	0	0	0	0
59.673	272	60	60	65	60	-0.4710	40	0.35	0.40	0.40	0.32	60.4959	56.1155	1	0	0	1	1	0	12345678---C	1542	3	50	50	0	0	14:52:15	09.10.2014	272	1	1	272	0	0	1	1657552	 	1	4	95	93		2	4581	777	100	400	6000	0	1100	1	40	0	0	0	0
58.825	273	59	59	65	60	-0.4800	40	0.35	0.40	0.40	0.32	60.4960	56.1156	1	0	0	1	1	0	12345678---C	1550	3	50	50	0	0	14:52:16	09.10.2014	273	1	1	273	0	0	1	1657560	 	1	4	87	85		2	4581	777	100	400	6000	0	1100	1	40	0	0	0	0
57.961	274	58	58	65	60	-0.4700	40	0.35	0.40	0.40	0.32	60.4961	56.1157	1	0	0	1	1	0	12345678---C	1558	3	50	50	0	0	14:52:16	09.10.2014	274	1	1	274	0	0	1	1657568	 	1	4	79	77		2	4581	777	100	400	6000	0	1100	1	40	0	0	0	0
57.115	275	57	57	64	60	-0.4700	40	0.35	0.40	0.40	0.32	60.4962	56.1158	1	0	0	1	1	0	12345678---C	1566	3	50	50	0	0	14:52:17	09.10.2014	275	1	1	275	0	0	1	1657576	 	1	4	71	69		2	4581	777	100	400	6000	0	1100	1	40	0	0	0	0
56.269	276	56	56	64	60	-0.4700	40	0.35	0.40	0.40	0.32	60.4963	56.1159	1	0	0	1	1	0	12345678---C	1574	3	50	50	0	0	14:52:17	09.10.2014	276	1	1	276	0	0	1	1657584	 	1	4	63	61		2	4581	777	100	400	6000	0	1100	1	40	0	0	0	0
55.423	277	55	55	63	60	-0.4800	40	0.35	0.40	0.40	0.32	60.4964	56.1160	1	0	0	1	1	0	12345678---C	1582	3	50	50	0	0	14:52:18	09.10.2014	277	1	1	277	0	0	1	1657592	 	1	4	55	53		2	4581	777	100	400	6000	0	1100	1	40	0	0	0	0
54.559	278	55	55	63	60	-0.4900	40	0.35	0.40	0.40	0.32	60.4965	56.1161	1	0	0	1	1	0	12345678---C	1589	3	50	50	0	0	14:52:18	09.10.2014	278	1	1	278	0	0	1	1657599	 	1	4	48	46		2	4581	777	100	400	6000	0	1100	1	40	0	0	0	0
53.677	279	54	54	62	60	-0.4900	40	0.35	0.40	0.40	0.32	60.4966	56.1162	1	0	0	1	1	0	12345678---C	1597	3	50	50	0	0	14:52:19	09.10.2014	279	1	1	279	0	0	1	1657607	 	1	4	40	38		2	4581	777	100	400	6000	0	1100	1	40	0	0	0	0
52.795	280	53	53	62	60	-0.4900	40	0.35	0.40	0.40	0.32	60.4967	56.1163	1	0	0	1	1	0	12345678---C	1604	3	50	50	0	0	14:52:19	09.10.2014	280	1	1	280	0	0	1	1657614	 	1	4	33	31		2	4581	777	100	400	6000	0	1100	1	40	0	0	0	0
51.913	281	52	52	61	60	-0.4900	40	0.35	0.40	0.40	0.32	60.4968	56.1164	1	0	0	1	1	0	12345678---C	1611	3	50	50	0	0	14:52:20	09.10.2014	281	1	1	281	0	0	1	1657621	 	1	4	26	24		2	4581	777	100	400	6000	0	1100	1	40	0	0	0	0
51.031	282	51	51	61	60	-0.4655	40	0.35	0.40	0.40	0.32	60.4969	56.1165	1	0	0	1	1	0	12345678---C	1618	3	50	50	0	0	14:52:20	09.10.2014	282	1	1	282	0	0	1	1657628	 	1	4	19	17		2	4581	777	100	400	6000	0	1100	1	40	0	0	0	0
50.193	283	50	50	60	60	-0.4710	40	0.35	0.40	0.40	0.32	60.4970	56.1166	1	0	0	1	1	0	12345678---C	1625	3	50	50	0	0	14:52:21	09.10.2014	283	1	1	283	0	0	1	1657635	 	1	4	12	10		2	4581	777	100	400	6000	0	1100	1	40	0	0	0	0
49.346	284	49	49	60	60	-0.4800	40	0.35	0.40	0.40	0.32	60.4971	56.1167	1	0	0	1	1	0	12345678---C	1632	3	50	50	0	0	14:52:21	09.10.2014	284	1	1	284	0	0	1	1657642	 	1	4	5	3		2	4581	777	100	400	6000	0	1100	1	40	0	0	0	0
48.482	285	48	48	60	0	-0.4700	40	0.35	0.40	0.40	0.32	60.4972	56.1168	1	0	0	1	1	0	12345678---C	1639	2	50	50	0	0	14:52:22	09.10.2014	285	1	1	285	1	0	1	1657649	Юг	1	2	274	286		2	4581	777	100	400	6000	0	1100	1	40	0	0	0	0
47.636	286	48	48	59	0	-0.4700	40	0.35	0.40	0.40	0.32	60.4973	56.1169	1	0	0	1	1	0	12345678---C	1646	2	50	50	0	0	14:52:22	09.10.2014	286	1	1	286	1	0	1	1657656	Юг	1	2	267	279		2	4581	777	100	400	6000	0	1100	1	40	0	0	0	0
46.790	287	47	47	59	0	-0.4700	40	0.35	0.40	0.40	0.32	60.4974	56.1170	1	0	0	1	1	0	12345678---C	1652	2	50	50	0	0	14:52:23	09.10.2014	287	1	1	287	1	0	1	1657662	Юг	1	2	261	273		2	4581	777	100	400	6000	0	1100	1	40	0	0	0	0
45.944	288	46	46	58	0	-0.4800	40	0.35	0.40	0.40	0.32	60.4975	56.1171	1	0	0	1	1	0	12345678---C	1658	2	50	50	0	0	14:52:23	09.10.2014	288	1	1	288	1	0	1	1657668	Юг	1	2	254	266		2	4581	777	100	400	6000	0	1100	1	40	0	0	0	0
45.080	289	45	45	58	0	-0.4900	40	0.35	0.40	0.40	0.32	60.4976	56.1172	1	0	0	1	1	0	12345678---C	1665	2	50	50	0	0	14:52:24	09.10.2014	289	1	1	289	1	0	1	1657675	Юг	1	2	248	260		2	4581	777	100	400	6000	0	1100	1	40	0	0	0	0
44.198	290	44	44	57	0	-0.4900	40	0.35	0.40	0.40	0.32	60.4977	56.1173	1	0	0	1	1	0	12345678---C	1671	2	50	50	0	0	14:52:24	09.10.2014	290	1	1	290	1	0	1	1657681	Юг	1	2	242	254		2	4581	777	100	400	6000	0	1100	1	40	0	0	0	0
43.316	291	43	43	56	0	-0.4900	40	0.35	0.40	0.40	0.32	60.4978	56.1174	1	0	0	1	1	0	12345678---C	1677	2	50	50	0	0	14:52:25	09.10.2014	291	1	1	291	0	0	1	1657687	Юг	1	2	236	248		2	4581	777	100	400	6000	0	1100	1	40	0	0	0	0
42.434	292	42	42	56	0	-0.4900	40	0.35	0.40	0.40	0.32	60.4979	56.1175	1	0	0	1	1	0	12345678---C	1683	2	50	50	0	0	14:52:25	09.10.2014	292	1	1	292	0	0	1	1657693	Юг	1	2	230	242		2	4581	777	100	400	6000	0	1100	1	40	0	0	0	0
41.552	293	42	42	55	0	-0.4655	40	0.35	0.40	0.40	0.32	60.4980	56.1176	1	0	0	1	1	0	12345678---C	1689	2	50	50	0	0	14:52:26	09.10.2014	293	1	1	293	0	0	1	1657699	Юг	1	2	224	236		2	4581	777	100	400	6000	0	1100	1	40	0	0	0	0
40.714	294	41	41	54	0	-0.4710	40	0.35	0.40	0.40	0.32	60.4981	56.1177	1	0	0	1	1	0	12345678---C	1694	2	50	50	0	0	14:52:26	09.10.2014	294	1	1	294	0	0	1	1657704	Юг	1	2	219	231		2	4581	777	100	400	6000	0	1100	1	40	0	0	0	0
39.866	295	40	40	54	0	-0.4800	40	0.35	0.40	0.40	0.32	60.4982	56.1178	1	0	0	1	1	0	12345678---C	1700	2	50	50	0	0	14:52:27	09.10.2014	295	1	1	295	0	0	1	1657710	Юг	1	2	213	225		2	4581	777	100	400	6000	0	1100	1	40	0	0	0	0
39.002	296	39	39	53	0	-0.4700	40	0.35	0.40	0.40	0.32	60.4983	56.1179	1	0	0	1	1	0	12345678---C	1705	2	50	50	0	0	14:52:27	09.10.2014	296	1	1	296	0	0	1	1657715	Юг	1	2	208	220		2	4581	777	100	400	6000	0	1100	1	40	0	0	0	0
38.156	297	38	38	53	0	-0.4700	40	0.35	0.40	0.40	0.32	60.4984	56.1180	1	0	0	1	1	0	12345678---C	1710	2	50	50	0	0	14:52:28	09.10.2014	297	1	1	297	0	0	1	1657720	Юг	1	2	202	214		2	4581	777	100	400	6000	0	1100	1	40	0	0	0	0
37.310	298	37	37	52	0	-0.4700	40	0.35	0.40	0.40	0.32	60.4985	56.1181	1	0	0	1	1	0	12345678---C	1716	2	50	50	0	0	14:52:28	09.10.2014	298	1	1	298	0	0	1	1657726	Юг	1	2	197	209		2	4581	777	100	400	6000	0	1100	1	40	0	0	0	0
36.464	299	36	36	51	0	-0.4800	40	0.35	0.40	0.40	0.32	60.4986	56.1182	1	0	0	1	1	0	12345678---C	1721	2	50	50	0	0	14:52:29	09.10.2014	299	1	1	299	0	0	1	1657731	Юг	1	2	192	204		2	4581	777	100	400	6000	0	1100	1	40	0	0	0	0
35.600	300	36	36	51	0	-0.4900	40	0.35	0.40	0.40	0.32	60.4987	56.1183	1	0	0	1	1	0	12345678---C	1726	2	50	50	0	0	14:52:29	09.10.2014	300	1	1	300	0	0	1	1657736	Юг	1	2	187	199		2	4581	777	100	400	6000	0	1100	1	40	0	0	0	0
34.718	301	35	35	50	0	-0.4900	40	0.35	0.40	0.40	0.32	60.4988	56.1184	1	0	0	1	1	0	12345678---C	1730	2	50	50	0	0	14:52:30	09.10.2014	301	1	1	301	0	0	1	1657740	Юг	1	2	182	194		2	4581	777	100	400	6000	0	1100	1	40	0	0	0	0
33.836	302	34	34	49	0	-0.4900	40	0.35	0.40	0.40	0.32	60.4989	56.1185	1	0	0	1	1	0	12345678---C	1735	2	50	50	0	0	14:52:30	09.10.2014	302	1	1	302	0	0	1	1657745	Юг	1	2	178	190		2	4581	777	100	400	6000	0	1100	1	40	0	0	0	0
32.954	303	33	33	49	0	-0.4900	40	0.35	0.40	0.40	0.32	60.4990	56.1186	1	0	0	1	1	0	12345678---C	1740	2	50	50	0	0	14:52:31	09.10.2014	303	1	1	303	0	0	1	1657750	Юг	1	2	173	185		2	4581	777	100	400	6000	0	1100	1	40	0	0	0	0
32.072	304	32	32	48	0	-0.4655	40	0.35	0.40	0.40	0.32	60.4991	56.1187	1	0	0	1	1	0	12345678---C	1744	2	50	50	0	0	14:52:31	09.10.2014	304	1	1	304	0	0	1	1657754	Юг	1	2	169	181		2	4581	777	100	400	6000	0	1100	1	40	0	0	0	0
31.234	305	31	31	48	0	-0.4710	40	0.35	0.40	0.40	0.32	60.4992	56.1188	1	0	0	1	1	0	12345678---C	1749	2	50	50	0	0	14:52:32	09.10.2014	305	1	1	305	0	0	1	1657759	Юг	1	2	164	176		2	4581	777	100	400	6000	0	1100	1	40	0	0	0	0
30.386	306	30	30	47	0	-0.4800	40	0.35	0.40	0.40	0.32	60.4993	56.1189	1	0	0	1	1	0	12345678---C	1753	2	50	50	0	0	14:52:32	09.10.2014	306	1	1	306	0	0	1	1657763	Юг	1	2	160	172		2	4581	777	100	400	6000	0	1100	1	40	0	0	0	0
29.522	307	30	30	46	0	-0.4700	40	0.35	0.40	0.40	0.32	60.4994	56.1190	1	0	0	1	1	0	12345678---C	1757	2	50	50	0	0	14:52:33	09.10.2014	307	1	1	307	0	0	1	1657767	Юг	1	2	156	168		2	4581	777	100	400	6000	0	1100	1	40	0	0	0	0
28.676	308	29	29	46	0	-0.4700	40	0.35	0.40	0.40	0.32	60.4995	56.1191	1	0	0	1	1	0	12345678---C	1761	2	50	50	0	0	14:52:33	09.10.2014	308	1	1	308	0	0	1	1657771	Юг	1	2	152	164		2	4581	777	100	400	6000	0	1100	1	40	0	0	0	0
27.830	309	28	28	45	0	-0.4700	40	0.35	0.40	0.40	0.32	60.4996	56.1192	1	0	0	1	1	0	12345678---C	1765	2	50	50	0	0	14:52:34	09.10.2014	309	1	1	309	0	0	1	1657775	Юг	1	2	148	160		2	4581	777	100	400	6000	0	1100	1	40	0	0	0	0
26.984	310	27	27	45	0	-0.4800	40	0.35	0.40	0.40	0.32	60.4997	56.1193	1	0	0	1	1	0	12345678---C	1768	2	50	50	0	0	14:52:34	09.10.2014	310	1	1	310	0	0	1	1657778	Юг	1	2	144	156		2	4581	777	100	400	6000	0	1100	1	40	0	0	0	0
26.120	311	26	26	44	0	-0.4900	40	0.35	0.40	0.40	0.32	60.4998	56.1194	1	0	0	1	1	0	12345678---C	1772	2	50	50	0	0	14:52:35	09.10.2014	311	1	1	311	0	0	1	1657782	Юг	1	2	141	153		2	4581	777	100	400	6000	0	1100	1	40	0	0	0	0
25.238	312	25	25	43	0	-0.4900	40	0.35	0.40	0.40	0.32	60.4999	56.1195	1	0	0	1	1	0	12345678---C	1776	2	50	50	0	0	14:52:35	09.10.2014	312	1	1	312	0	0	1	1657786	Юг	1	2	137	149		2	4581	777	100	400	6000	0	1100	1	40	0	0	0	0
24.356	313	24	24	43	0	-0.4900	40	0.35	0.40	0.40	0.32	60.5000	56.1196	1	0	0	1	1	0	12345678---C	1779	2	50	50	0	0	14:52:36	09.10.2014	313	1	1	313	0	0	1	1657789	Юг	1	2	134	146		2	4581	777	100	400	6000	0	1100	1	40	0	0	0	0
23.474	314	23	23	42	0	-0.4900	40	0.35	0.40	0.40	0.32	60.5001	56.1197	1	0	0	1	1	0	12345678---C	1782	2	50	50	0	0	14:52:36	09.10.2014	314	1	1	314	0	0	1	1657792	Юг	1	2	131	143		2	4581	777	100	400	6000	0	1100	1	40	0	0	0	0
22.592	315	23	23	41	0	-0.4655	40	0.35	0.40	0.40	0.32	60.5002	56.1198	1	0	0	1	1	0	12345678---C	1785	2	50	50	0	0	14:52:37	09.10.2014	315	1	1	315	0	0	1	1657795	Юг	1	2	128	140		2	4581	777	100	400	6000	0	1100	1	40	0	0	0	0
21.754	316	22	22	41	0	-0.4710	40	0.35	0.40	0.40	0.32	60.5003	56.1199	1	0	0	1	1	0	12345678---C	1788	2	50	50	0	0	14:52:37	09.10.2014	316	1	1	316	0	0	1	1657798	Юг	1	2	125	137		2	4581	777	100	400	6000	0	1100	1	40	0	0	0	0
20.906	317	21	21	40	0	-0.4800	40	0.35	0.40	0.40	0.32	60.5004	56.1200	1	0	0	1	1	0	12345678---C	1791	2	50	50	0	0	14:52:38	09.10.2014	317	1	1	317	0	0	1	1657801	Юг	1	2	122	134		2	4581	777	100	400	6000	0	1100	1	40	0	0	0	0
20.042	318	20	20	40	0	-0.4200	40	0.35	0.40	0.45	0.32	60.5005	56.1201	1	0	0	1	1	0	12345678---C	1794	2	50	50	0	0	14:52:38	09.10.2014	318	1	1	318	0	0	1	1657804	Юг	1	2	119	131		2	4581	777	100	400	6000	0	1100	1	40	0	0	0	0
19.286	319	19	19	39	0	-0.3800	40	0.29	0.43	0.45	0.32	60.5006	56.1202	1	0	0	1	1	0	12345678---C	1797	2	50	50	0	0	14:52:39	09.10.2014	319	1	1	319	0	0	1	1657807	Юг	1	2	116	128		2	4581	777	100	400	6000	0	1100	1	40	0	0	0	0
18.602	320	19	19	38	0	-0.3700	40	0.15	0.45	0.45	0.32	60.5007	56.1203	1	0	0	1	1	0	12345678---C	1799	2	50	50	0	0	14:52:39	09.10.2014	320	1	1	320	0	0	1	1657809	Юг	1	2	114	126		2	4581	777	100	400	6000	0	1100	1	40	0	0	0	0
17.936	321	18	18	38	0	-0.3600	40	0.15	0.45	0.45	0.32	60.5008	56.1204	1	0	0	1	1	0	12345678---C	1802	2	50	50	0	0	14:52:40	09.10.2014	321	1	1	321	0	0	1	1657812	Юг	1	2	111	123		2	4581	777	100	400	6000	0	1100	1	40	0	0	0	0
17.288	322	17	17	37	0	-0.3700	40	0.15	0.45	0.45	0.32	60.5009	56.1205	1	0	0	1	1	0	12345678---C	1804	2	50	50	0	0	14:52:40	09.10.2014	322	1	1	322	0	0	1	1657814	Юг	1	2	109	121		2	4581	777	100	400	6000	0	1100	1	40	0	0	0	0
16.622	323	17	17	36	0	-0.3800	40	0.15	0.45	0.45	0.32	60.5010	56.1206	1	0	0	1	1	0	12345678---C	1807	2	50	50	0	0	14:52:41	09.10.2014	323	1	1	323	0	0	1	1657817	Юг	1	2	106	118		2	4581	777	100	400	6000	0	1100	1	40	0	0	0	0
15.938	324	16	16	36	0	-0.3400	40	0.15	0.45	0.45	0.32	60.5011	56.1207	1	0	0	1	1	0	12345678---C	1809	2	50	50	0	0	14:52:41	09.10.2014	324	1	1	324	0	0	1	1657819	Юг	1	2	104	116		2	4581	777	100	400	6000	0	1100	1	40	0	0	0	0
15.326	325	15	15	35	0	-0.3100	40	0.15	0.45	0.45	0.32	60.5012	56.1208	1	0	0	1	1	0	12345678---C	1811	2	50	50	0	0	14:52:42	09.10.2014	325	1	1	325	0	0	1	1657821	Юг	1	2	102	114		2	4581	777	100	400	6000	0	1100	1	40	0	0	0	0
14.768	326	15	15	35	0	-0.3000	40	0.15	0.45	0.45	0.32	60.5013	56.1209	1	0	0	1	1	0	12345678---C	1813	2	50	50	0	0	14:52:42	09.10.2014	326	1	1	326	0	0	1	1657823	Юг	1	2	100	112		2	4581	777	100	400	6000	0	1100	1	40	0	0	0	0
14.228	327	14	14	34	0	-0.2800	40	0.15	0.45	0.45	0.32	60.5014	56.1210	1	0	0	1	1	0	12345678---C	1815	2	50	50	0	0	14:52:43	09.10.2014	327	1	1	327	0	0	1	1657825	Юг	1	2	98	110		2	4581	777	100	400	6000	0	1100	1	40	0	0	0	0
13.724	328	14	14	33	0	-0.2900	40	0.15	0.45	0.45	0.32	60.5015	56.1211	1	0	0	1	1	0	12345678---C	1817	2	50	50	0	0	14:52:43	09.10.2014	328	1	1	328	0	0	1	1657827	Юг	1	2	96	108		2	4581	777	100	400	6000	0	1100	1	40	0	0	0	0
13.202	329	13	13	33	0	-0.3200	40	0.15	0.45	0.45	0.32	60.5016	56.1212	1	0	0	1	1	0	12345678---C	1819	2	50	50	0	0	14:52:44	09.10.2014	329	1	1	329	0	0	1	1657829	Юг	1	2	94	106		2	4581	777	100	400	6000	0	1100	1	40	0	0	0	0
12.626	330	13	13	32	0	-0.3100	40	0.15	0.45	0.45	0.32	60.5017	56.1213	1	0	0	1	1	0	12345678---C	1820	2	50	50	0	0	14:52:44	09.10.2014	330	1	1	330	0	0	1	1657830	Юг	1	2	93	105		2	4581	777	100	400	6000	0	1100	1	40	0	0	0	0
12.068	331	12	12	32	0	-0.2500	40	0.15	0.45	0.45	0.32	60.5018	56.1214	1	0	0	1	1	0	12345678---C	1822	2	50	50	0	0	14:52:45	09.10.2014	331	1	1	331	0	0	1	1657832	Юг	1	2	91	103		2	4581	777	100	400	6000	0	1100	1	40	0	0	0	0
11.618	332	12	12	31	0	-0.2100	40	0.15	0.45	0.45	0.32	60.5019	56.1215	1	0	0	1	1	0	12345678---C	1824	2	50	50	0	0	14:52:45	09.10.2014	332	1	1	332	0	0	1	1657834	Юг	1	2	89	101		2	4581	777	100	400	6000	0	1100	1	40	0	0	0	0
11.240	333	11	11	30	0	-0.2100	40	0.15	0.45	0.45	0.32	60.5020	56.1216	1	0	0	1	1	0	12345678---C	1825	2	50	50	0	0	14:52:46	09.10.2014	333	1	1	333	0	0	1	1657835	Юг	1	2	88	100		2	4581	777	100	400	6000	0	1100	1	40	0	0	0	0
10.862	334	11	11	30	0	-0.2100	40	0.15	0.45	0.45	0.32	60.5021	56.1217	1	0	0	1	1	0	12345678---C	1827	2	50	50	0	0	14:52:46	09.10.2014	334	1	1	334	0	0	1	1657837	Юг	1	2	86	98		2	4581	777	100	400	6000	0	1100	1	40	0	0	0	0
10.484	335	10	10	29	0	-0.2000	40	0.15	0.45	0.45	0.32	60.5022	56.1218	1	0	0	1	1	0	12345678---C	1828	2	50	50	0	0	14:52:47	09.10.2014	335	1	1	335	0	0	1	1657838	Юг	1	2	85	97		2	4581	777	100	400	6000	0	1100	1	40	0	0	0	0
10.124	336	10	10	28	0	-0.1900	40	0.15	0.45	0.45	0.32	60.5023	56.1219	1	0	0	1	1	0	12345678---C	1830	2	50	50	0	0	14:52:47	09.10.2014	336	1	1	336	0	0	1	1657840	Юг	1	2	83	95		2	4581	777	100	400	6000	0	1100	1	40	0	0	0	0
9.782	337	10	10	28	0	-0.1805	40	0.15	0.45	0.51	0.32	60.5024	56.1220	1	0	0	1	1	0	12345678---C	1831	2	50	50	0	0	14:52:48	09.10.2014	337	1	1	337	0	0	1	1657841	Юг	1	2	82	94		2	4581	777	100	400	6000	0	1100	1	40	0	0	0	0
9.458	338	9	9	27	0	-0.1900	40	0.15	0.48	0.51	0.32	60.5025	56.1221	1	0	0	1	1	0	12345678---C	1832	2	50	50	0	0	14:52:48	09.10.2014	338	1	1	338	0	0	1	1657842	Юг	1	2	81	93		2	4581	777	100	400	6000	0	1100	1	40	0	0	0	0
9.116	339	9	9	27	0	-0.0500	40	0.15	0.51	0.51	0.32	60.5026	56.1222	1	0	0	1	1	0	12345678---C	1834	2	50	50	0	0	14:52:49	09.10.2014	339	1	1	339	0	0	1	1657844	Юг	1	2	79	91		2	4581	777	100	400	6000	0	1100	1	40	0	0	0	0
9.026	340	9	9	26	0	-0.0100	40	0.15	0.51	0.51	0.32	60.5027	56.1223	1	0	0	1	1	0	12345678---C	1835	2	50	50	0	0	14:52:49	09.10.2014	340	1	1	340	0	0	1	1657845	Юг	1	2	78	90		2	4581	777	100	400	6000	0	1100	1	40	0	0	0	0
9.008	341	9	9	25	0	-0.0095	40	0.15	0.51	0.51	0.32	60.5028	56.1224	1	0	0	1	1	0	12345678---C	1836	2	50	50	0	0	14:52:50	09.10.2014	341	1	1	341	0	0	1	1657846	Юг	1	2	77	89		2	4581	777	100	400	6000	0	1100	1	40	0	0	0	0
8.990	342	9	9	25	0	-0.0090	40	0.15	0.51	0.51	0.32	60.5029	56.1225	1	0	0	1	1	0	12345678---C	1837	2	50	50	0	0	14:52:50	09.10.2014	342	1	1	342	0	0	1	1657847	Юг	1	2	76	88		2	4581	777	100	400	6000	0	1100	1	40	0	0	0	0
8.974	343	9	9	24	0	0.0000	40	0.15	0.51	0.51	0.32	60.5030	56.1226	1	0	0	1	1	0	12345678---C	1839	2	50	50	0	0	14:52:51	09.10.2014	343	1	1	343	0	0	1	1657849	Юг	1	2	74	86		2	4581	777	100	400	6000	0	1100	1	40	0	0	0	0
8.974	344	9	9	24	0	0.0000	40	0.15	0.51	0.51	0.32	60.5031	56.1227	1	0	0	1	1	0	12345678---C	1840	2	50	50	0	0	14:52:51	09.10.2014	344	1	1	344	0	0	1	1657850	Юг	1	2	73	85		2	4581	777	100	400	6000	0	1100	1	40	0	0	0	0
8.974	345	9	9	23	0	0.0000	40	0.15	0.51	0.51	0.32	60.5032	56.1228	1	0	0	1	1	0	12345678---C	1841	2	50	50	0	0	14:52:52	09.10.2014	345	1	1	345	0	0	1	1657851	Юг	1	2	72	84		2	4581	777	100	400	6000	0	1100	1	40	0	0	0	0
8.974	346	9	9	22	0	0.0000	40	0.15	0.51	0.51	0.32	60.5033	56.1229	1	0	0	1	1	0	12345678---C	1842	2	50	50	0	0	14:52:52	09.10.2014	346	1	1	346	0	0	1	1657852	Юг	1	2	71	83		2	4581	777	100	400	6000	0	1100	1	40	0	0	0	0
8.974	347	9	9	22	0	0.0000	40	0.15	0.51	0.51	0.32	60.5034	56.1230	1	0	0	1	1	0	12345678---C	1844	2	50	50	0	0	14:52:53	09.10.2014	347	1	1	347	0	0	1	1657854	Юг	1	2	69	81		2	4581	777	100	400	6000	0	1100	1	40	0	0	0	0
8.974	348	9	9	21	0	0.0000	40	0.15	0.51	0.51	0.32	60.5035	56.1231	1	0	0	1	1	0	12345678---C	1845	2	50	50	0	0	14:52:53	09.10.2014	348	1	1	348	0	0	1	1657855	Юг	1	2	68	80		2	4581	777	100	400	6000	0	1100	1	40	0	0	0	0
8.974	349	9	9	20	0	0.0000	40	0.15	0.51	0.44	0.32	60.5036	56.1232	1	0	0	1	1	0	12345678---C	1846	2	50	50	0	0	14:52:54	09.10.2014	349	1	1	349	0	0	1	1657856	Юг	1	2	67	79		2	4581	777	100	400	6000	0	1100	1	40	0	0	0	0
8.974	350	9	9	20	0	-0.1800	40	0.21	0.48	0.44	0.32	60.5037	56.1233	1	0	0	1	1	0	12345678---C	1847	2	50	50	0	0	14:52:54	09.10.2014	350	1	1	350	0	0	1	1657857	Юг	1	2	66	78		2	4581	777	100	400	6000	0	1100	1	40	0	0	0	0
8.650	351	9	9	19	0	-0.1800	40	0.37	0.44	0.44	0.32	60.5038	56.1234	1	0	0	1	1	0	12345678---C	1848	2	50	50	0	0	14:52:55	09.10.2014	351	1	1	351	0	0	1	1657858	Юг	1	2	64	76		2	4581	777	100	400	6000	0	1100	1	40	0	0	0	0
8.326	352	8	8	19	0	-0.2000	40	0.37	0.44	0.44	0.32	60.5039	56.1235	1	0	0	1	1	0	12345678---C	1850	2	50	50	0	0	14:52:55	09.10.2014	352	1	1	352	0	0	1	1657860	Юг	1	2	63	75		2	4581	777	100	400	6000	0	1100	1	40	0	0	0	0
7.966	353	8	8	18	0	-0.2000	40	0.37	0.44	0.44	0.32	60.5040	56.1236	1	0	0	1	1	0	12345678---C	1851	2	50	50	0	0	14:52:56	09.10.2014	353	1	1	353	0	0	1	1657861	Юг	1	2	62	74		2	4581	777	100	400	6000	0	1100	1	40	0	0	0	0
7.606	354	8	8	17	0	-0.2000	40	0.37	0.44	0.44	0.32	60.5041	56.1237	1	0	0	1	1	0	12345678---C	1852	2	50	50	0	0	14:52:56	09.10.2014	354	1	1	354	0	0	1	1657862	Юг	1	2	61	73		2	4581	777	100	400	6000	0	1100	1	40	0	0	0	0
7.246	355	7	7	17	0	-0.2000	40	0.37	0.44	0.44	0.32	60.5042	56.1238	1	0	0	1	1	0	12345678---C	1853	2	50	50	0	0	14:52:57	09.10.2014	355	1	1	355	0	0	1	1657863	Юг	1	2	60	72		2	4581	777	100	400	6000	0	1100	1	40	0	0	0	0
6.886	356	7	7	16	0	-0.2000	40	0.37	0.44	0.44	0.32	60.5043	56.1239	1	0	0	1	1	0	12345678---C	1854	2	50	50	0	0	14:52:57	09.10.2014	356	1	1	356	0	0	1	1657864	Юг	1	2	59	71		2	4581	777	100	400	6000	0	1100	1	40	0	0	0	0
6.526	357	7	7	15	0	-0.2100	40	0.37	0.44	0.44	0.32	60.5044	56.1240	1	0	0	1	1	0	12345678---C	1855	2	50	50	0	0	14:52:58	09.10.2014	357	1	1	357	0	0	1	1657865	Юг	1	2	58	70		2	4581	777	100	400	6000	0	1100	1	40	0	0	0	0
6.148	358	6	6	15	0	-0.1995	40	0.37	0.44	0.44	0.32	60.5045	56.1241	1	0	0	1	1	0	12345678---C	1856	2	50	50	0	0	14:52:58	09.10.2014	358	1	1	358	0	0	1	1657866	Юг	1	2	57	69		2	4581	777	100	400	6000	0	1100	1	40	0	0	0	0
5.789	359	6	6	14	0	-0.2100	40	0.37	0.44	0.44	0.32	60.5046	56.1242	1	0	0	1	1	0	12345678---C	1856	2	50	50	0	0	14:52:59	09.10.2014	359	1	1	359	0	0	1	1657866	Юг	1	2	57	69		2	4581	777	100	400	6000	0	1100	1	40	0	0	0	0
5.411	360	5	5	14	0	-0.1995	40	0.37	0.44	0.44	0.32	60.5047	56.1243	1	0	0	1	1	0	12345678---C	1857	2	50	50	0	0	14:52:59	09.10.2014	360	1	1	360	0	0	1	1657867	Юг	1	2	56	68		2	4581	777	100	400	6000	0	1100	1	40	0	0	0	0
5.052	361	5	5	13	0	-0.1895	40	0.37	0.44	0.44	0.32	60.5048	56.1244	1	0	0	1	1	0	12345678---C	1858	2	50	50	0	0	14:53:00	09.10.2014	361	1	1	361	0	0	1	1657868	Юг	1	2	55	67		2	4581	777	100	400	6000	0	1100	1	40	0	0	0	0
4.711	362	5	5	12	0	-0.1800	40	0.37	0.44	0.44	0.32	60.5049	56.1245	1	0	0	1	1	0	12345678---C	1858	2	50	50	0	0	14:53:00	09.10.2014	362	1	1	362	0	0	1	1657868	Юг	1	2	55	67		2	4581	777	100	400	6000	0	1100	1	40	0	0	0	0
4.387	363	4	4	12	0	-0.2100	40	0.37	0.44	0.44	0.32	60.5050	56.1246	1	0	0	1	1	0	12345678---C	1859	2	50	50	0	0	14:53:01	09.10.2014	363	1	1	363	0	0	1	1657869	Юг	1	2	54	66		2	4581	777	100	400	6000	0	1100	1	40	0	0	0	0
4.009	364	4	4	11	0	-0.2000	40	0.37	0.44	0.44	0.32	60.5051	56.1247	1	0	0	1	1	0	12345678---C	1860	2	50	50	0	0	14:53:01	09.10.2014	364	1	1	364	0	0	1	1657870	Юг	1	2	53	65		2	4581	777	100	400	6000	0	1100	1	40	0	0	0	0
3.649	365	4	4	11	0	-0.2100	40	0.37	0.44	0.44	0.32	60.5052	56.1248	1	0	0	1	1	0	12345678---C	1860	2	50	50	0	0	14:53:02	09.10.2014	365	1	1	365	0	0	1	1657870	Юг	1	2	53	65		2	4581	777	100	400	6000	0	1100	1	40	0	0	0	0
3.271	366	3	3	10	0	-0.2100	40	0.37	0.44	0.44	0.32	60.5053	56.1249	1	0	0	1	1	0	12345678---C	1861	2	50	50	0	0	14:53:02	09.10.2014	366	1	1	366	0	0	1	1657871	Юг	1	2	52	64		2	4581	777	100	400	6000	0	1100	1	40	0	0	0	0
2.893	367	3	3	9	0	-0.1995	40	0.37	0.44	0.44	0.32	60.5054	56.1250	1	0	0	1	1	0	12345678---C	1861	2	50	50	0	0	14:53:03	09.10.2014	367	1	1	367	0	0	1	1657871	Юг	1	2	52	64		2	4581	777	100	400	6000	0	1100	1	40	0	0	0	0
2.534	368	3	3	9	0	-0.1895	40	0.37	0.44	0.44	0.32	60.5055	56.1251	1	0	0	1	1	0	12345678---C	1861	2	50	50	0	0	14:53:03	09.10.2014	368	1	1	368	0	0	1	1657871	Юг	1	2	52	64		2	4581	777	100	400	6000	0	1100	1	40	0	0	0	0
2.193	369	2	2	8	0	-0.2000	40	0.37	0.44	0.44	0.32	60.5056	56.1252	1	0	0	1	1	0	12345678---C	1862	2	50	50	0	0	14:53:04	09.10.2014	369	1	1	369	0	0	1	1657872	Юг	1	2	51	63		2	4581	777	100	400	6000	0	1100	1	40	0	0	0	0
1.833	370	2	2	7	0	-0.2000	40	0.37	0.44	0.51	0.32	60.5057	56.1253	1	0	0	1	1	0	12345678---C	1862	2	50	50	0	0	14:53:04	09.10.2014	370	1	1	370	0	0	1	1657872	Юг	1	2	51	63		2	4581	777	100	400	6000	0	1100	1	40	0	0	0	0
1.473	371	1	1	7	0	-0.2000	40	0.15	0.48	0.51	0.32	60.5058	56.1254	1	0	0	1	1	0	12345678---C	1862	2	50	50	0	0	14:53:05	09.10.2014	371	1	1	371	0	0	1	1657872	Юг	1	2	51	63		2	4581	777	100	400	6000	0	1100	1	40	0	0	0	0
1.113	372	1	1	6	0	-0.1900	40	0.00	0.51	0.51	0.32	60.5059	56.1255	1	0	0	1	1	0	12345678---C	1862	2	50	50	0	0	14:53:05	09.10.2014	372	1	1	372	0	0	1	1657872	Юг	1	2	51	63		2	4581	777	100	400	6000	0	1100	1	40	0	0	0	0
0.771	373	1	1	6	0	-0.0800	40	0.00	0.51	0.51	0.32	60.5060	56.1256	1	0	0	1	1	0	12345678---C	1862	2	50	50	0	0	14:53:06	09.10.2014	373	1	1	373	0	0	1	1657872	Юг	1	2	51	63		2	4581	777	100	400	6000	0	1100	1	40	0	0	0	0
0.627	374	1	1	5	0	-0.0200	40	0.00	0.51	0.51	0.32	60.5061	56.1257	1	0	0	1	1	0	12345678---C	1862	2	50	50	0	0	14:53:06	09.10.2014	374	1	1	374	0	0	1	1657872	Юг	1	2	51	63		2	4581	777	100	400	6000	0	1100	1	40	0	0	0	0
0.591	375	1	1	4	0	-0.0190	40	0.00	0.51	0.51	0.32	60.5062	56.1258	1	0	0	1	1	0	12345678---C	1863	2	50	50	0	0	14:53:07	09.10.2014	375	1	1	375	0	0	1	1657873	Юг	1	2	50	62		2	4581	777	100	400	6000	0	1100	1	40	0	0	0	0
0.556	376	1	1	4	0	-0.0300	40	0.00	0.51	0.51	0.32	60.5063	56.1259	1	0	0	1	1	0	12345678---C	1863	2	50	50	0	0	14:53:07	09.10.2014	376	1	1	376	0	0	1	1657873	Юг	1	2	50	62		2	4581	777	100	400	6000	0	1100	1	40	0	0	0	0
0.502	377	1	1	3	0	-0.0285	40	0.00	0.51	0.51	0.32	60.5064	56.1260	1	0	0	1	1	0	12345678---C	1863	2	50	50	0	0	14:53:08	09.10.2014	377	1	1	377	0	0	1	1657873	Юг	1	2	50	62		2	4581	777	100	400	6000	0	1100	1	40	0	0	0	0
0.451	378	0	0	2	0	-0.0200	40	0.00	0.51	0.51	0.32	60.5065	56.1261	1	0	0	1	1	0	12345678---C	1863	2	50	50	0	0	14:53:08	09.10.2014	378	1	1	378	0	0	1	1657873	Юг	1	2	50	62		2	4581	777	100	400	6000	0	1100	1	40	0	0	0	0
0.415	379	0	0	2	0	-0.0190	40	0.00	0.51	0.45	0.32	60.5066	56.1262	1	0	0	1	1	0	12345678---C	1863	2	50	50	0	0	14:53:09	09.10.2014	379	1	1	379	0	0	1	1657873	Юг	1	2	50	62		2	4581	777	100	400	6000	0	1100	1	40	0	0	0	0
0.381	380	0	0	1	0	0.0000	40	0.11	0.48	0.45	0.32	60.5067	56.1263	1	0	0	1	1	0	12345678---C	1863	2	50	50	0	0	14:53:09	09.10.2014	380	1	1	380	0	0	1	1657873	Юг	1	2	50	62		2	4581	777	100	400	6000	0	1100	1	40	0	0	0	0
0.381	381	0	0	1	0	0.0000	40	0.15	0.45	0.45	0.32	60.5068	56.1264	1	0	0	1	1	0	12345678---C	1863	2	50	50	0	0	14:53:10	09.10.2014	381	1	1	381	0	0	1	1657873	Юг	1	2	50	62		2	4581	777	100	400	6000	0	1100	1	40	0	0	0	0
0.381	382	0	0	0	0	0.0000	40	0.15	0.45	0.45	0.32	60.5069	56.1265	1	0	0	1	1	0	12345678---C	1863	2	50	50	0	0	14:53:10	09.10.2014	382	1	1	382	0	0	1	1657873	Юг	1	2	50	62		2	4581	777	100	400	6000	0	1100	1	40	0	0	0	0
